1 31
2 26
3 15
4 11
5 100
6 10
7 37
8 96
9 71
10 57
11 30
12 46
13 32
14 43
15 13
16 39
17 24
18 56
19 25
20 19
21 3
22 99
23 48
24 88
25 36
26 44
27 90
28 34
29 14
30 89
31 50
32 55
33 22
34 75
35 29
36 35
37 81
38 52
39 42
40 12
41 67
42 95
43 97
44 77
45 83
46 8
47 6
48 70
49 64
50 20
51 63
52 41
53 68
54 23
55 66
56 27
57 74
58 51
59 86
60 17
61 33
62 45
63 84
64 38
65 16
66 5
67 60
68 98
69 4
70 92
71 2
72 21
73 93
74 78
75 40
76 7
77 1
78 76
79 79
80 80
81 62
82 69
83 28
84 18
85 85
86 94
87 54
88 9
89 59
90 53
91 87
92 72
93 82
94 73
95 58
96 49
97 91
98 61
99 47
100 65
