1 94
2 37
3 66
4 59
5 44
6 35
7 68
8 43
9 88
10 26
11 47
12 80
13 32
14 13
15 4
16 89
17 64
18 72
19 79
20 53
21 86
22 17
23 73
24 25
25 48
26 57
27 92
28 28
29 22
30 61
31 71
32 16
33 2
34 19
35 3
36 55
37 85
38 29
39 83
40 31
41 27
42 18
43 76
44 14
45 52
46 42
47 62
48 8
49 56
50 75
51 12
52 7
53 1
54 51
55 63
56 6
57 74
58 81
59 30
60 46
61 78
62 39
63 69
64 60
65 34
66 36
67 21
68 10
69 65
70 40
71 84
72 50
73 41
74 15
75 11
76 58
77 24
78 45
79 33
80 38
81 91
82 87
83 23
84 20
85 82
86 49
87 93
88 9
89 67
90 70
91 90
92 5
93 77
94 54
95 97
96 100
97 99
98 98
99 95
100 96
