1 31
2 26
3 15
4 11
5 9
6 10
7 18
8 28
9 1
10 7
11 30
12 21
13 2
14 4
15 13
16 5
17 24
18 16
19 25
20 19
21 3
22 17
23 27
24 23
25 20
26 6
27 8
28 12
29 14
30 29
31 22
32 55
33 50
34 75
35 89
36 35
37 81
38 52
39 42
40 34
41 67
42 95
43 97
44 77
45 83
46 90
47 44
48 70
49 64
50 36
51 63
52 41
53 68
54 88
55 66
56 48
57 74
58 51
59 86
60 99
61 33
62 45
63 84
64 38
65 56
66 39
67 60
68 98
69 43
70 92
71 32
72 46
73 93
74 78
75 40
76 57
77 71
78 76
79 79
80 80
81 62
82 69
83 96
84 37
85 85
86 94
87 54
88 100
89 59
90 53
91 87
92 72
93 82
94 73
95 58
96 49
97 91
98 61
99 47
100 65
