1 12
2 6
3 5
4 9
5 8
6 7
7 3
8 2
9 10
10 26
11 47
12 23
13 32
14 13
15 4
16 38
17 33
18 45
19 24
20 1
21 11
22 17
23 15
24 25
25 48
26 41
27 50
28 28
29 22
30 40
31 20
32 16
33 43
34 19
35 49
36 21
37 36
38 29
39 34
40 31
41 27
42 18
43 39
44 14
45 35
46 42
47 46
48 44
49 30
50 37
51 51
52 52
53 53
54 54
55 63
56 75
57 74
58 81
59 56
60 62
61 78
62 76
63 69
64 60
65 83
66 85
67 55
68 71
69 65
70 61
71 84
72 92
73 57
74 73
75 86
76 58
77 79
78 72
79 64
80 89
81 91
82 87
83 80
84 88
85 82
86 68
87 93
88 59
89 67
90 70
91 90
92 66
93 77
94 94
95 97
96 100
97 99
98 98
99 95
100 96
