1 1
2 2
3 3
4 4
5 5
6 6
7 7
8 8
9 9
10 10
11 11
12 12
13 13
14 14
15 15
16 16
17 17
18 18
19 19
20 20
21 21
22 22
23 27
24 23
25 25
26 24
27 30
28 28
29 26
30 29
31 31
32 55
33 50
34 75
35 89
36 35
37 81
38 52
39 42
40 34
41 67
42 95
43 97
44 77
45 83
46 90
47 44
48 70
49 64
50 36
51 63
52 41
53 68
54 88
55 66
56 48
57 74
58 51
59 86
60 99
61 33
62 45
63 84
64 38
65 56
66 39
67 60
68 98
69 43
70 92
71 32
72 46
73 93
74 78
75 40
76 57
77 71
78 76
79 79
80 80
81 62
82 69
83 96
84 37
85 85
86 94
87 54
88 100
89 59
90 53
91 87
92 72
93 82
94 73
95 58
96 49
97 91
98 61
99 47
100 65
