1 1
2 2
3 3
4 4
5 5
6 6
7 7
8 8
9 9
10 10
11 11
12 12
13 13
14 14
15 15
16 16
17 17
18 18
19 19
20 20
21 21
22 22
23 23
24 24
25 25
26 26
27 27
28 28
29 29
30 30
31 31
32 32
33 33
34 34
35 35
36 36
37 37
38 38
39 39
40 40
41 41
42 42
43 43
44 44
45 45
46 46
47 47
48 48
49 49
50 50
51 51
52 52
53 53
54 54
55 60
56 59
57 58
58 57
59 56
60 55
61 61
62 62
63 63
64 69
65 83
66 85
67 76
68 71
69 65
70 78
71 84
72 92
73 81
74 73
75 86
76 74
77 79
78 72
79 64
80 89
81 91
82 87
83 80
84 88
85 82
86 68
87 93
88 75
89 67
90 70
91 90
92 66
93 77
94 94
95 97
96 100
97 99
98 98
99 95
100 96
