1 34
2 51
3 61
4 78
5 15
6 42
7 79
8 29
9 20
10 98
11 94
12 85
13 63
14 27
15 19
16 60
17 59
18 30
19 33
20 5
21 65
22 40
23 71
24 11
25 38
26 76
27 14
28 48
29 9
30 23
31 21
32 69
33 77
34 22
35 88
36 6
37 91
38 24
39 43
40 1
41 99
42 52
43 54
44 8
45 47
46 10
47 31
48 70
49 90
50 50
51 17
52 86
53 100
54 58
55 82
56 56
57 44
58 64
59 26
60 57
61 92
62 45
63 25
64 28
65 12
66 81
67 96
68 95
69 75
70 41
71 73
72 35
73 55
74 83
75 68
76 72
77 53
78 18
79 46
80 84
81 66
82 16
83 3
84 89
85 37
86 93
87 36
88 62
89 80
90 74
91 7
92 32
93 4
94 97
95 67
96 2
97 87
98 13
99 39
100 49
