1 1
2 5
3 6
4 8
5 9
6 10
7 11
8 14
9 15
10 19
11 20
12 21
13 22
14 23
15 24
16 27
17 29
18 30
19 31
20 33
21 34
22 38
23 40
24 42
25 43
26 47
27 48
28 50
29 51
30 52
31 54
32 59
33 60
34 61
35 63
36 65
37 69
38 70
39 71
40 76
41 77
42 78
43 79
44 85
45 88
46 90
47 91
48 94
49 98
50 99
51 17
52 25
53 26
54 44
55 45
56 56
57 57
58 58
59 64
60 82
61 86
62 92
63 100
64 12
65 28
66 75
67 81
68 95
69 96
70 35
71 41
72 73
73 55
74 83
75 68
76 72
77 53
78 18
79 46
80 84
81 66
82 16
83 3
84 89
85 37
86 93
87 36
88 62
89 80
90 74
91 7
92 32
93 4
94 97
95 67
96 2
97 87
98 13
99 39
100 49
