1 1
2 5
3 6
4 8
5 9
6 10
7 11
8 14
9 15
10 19
11 20
12 21
13 22
14 23
15 24
16 27
17 29
18 30
19 31
20 33
21 34
22 38
23 40
24 42
25 43
26 47
27 48
28 50
29 51
30 52
31 54
32 59
33 60
34 61
35 63
36 65
37 69
38 70
39 71
40 76
41 77
42 78
43 79
44 85
45 88
46 90
47 91
48 94
49 98
50 99
51 12
52 17
53 25
54 26
55 28
56 35
57 41
58 44
59 45
60 55
61 56
62 57
63 58
64 64
65 68
66 73
67 75
68 81
69 82
70 83
71 86
72 92
73 95
74 96
75 100
76 3
77 16
78 18
79 36
80 37
81 46
82 53
83 62
84 66
85 72
86 84
87 89
88 93
89 74
90 80
91 7
92 32
93 4
94 97
95 67
96 2
97 87
98 13
99 39
100 49
