1 1
2 5
3 6
4 8
5 9
6 10
7 11
8 14
9 15
10 19
11 20
12 21
13 22
14 23
15 24
16 27
17 29
18 30
19 31
20 33
21 34
22 38
23 40
24 42
25 43
26 47
27 48
28 50
29 51
30 52
31 54
32 59
33 60
34 61
35 63
36 65
37 69
38 70
39 71
40 76
41 77
42 78
43 79
44 85
45 88
46 90
47 91
48 94
49 98
50 99
51 2
52 3
53 4
54 7
55 12
56 13
57 16
58 17
59 18
60 25
61 26
62 28
63 32
64 35
65 36
66 37
67 39
68 41
69 44
70 45
71 46
72 49
73 53
74 55
75 56
76 57
77 58
78 62
79 64
80 66
81 67
82 68
83 72
84 73
85 74
86 75
87 80
88 81
89 82
90 83
91 84
92 86
93 87
94 89
95 92
96 93
97 95
98 96
99 97
100 100
