1 9
2 45
3 50
4 60
5 61
6 62
7 63
8 65
9 69
10 85
11 72
12 76
13 55
14 35
15 17
16 37
17 67
18 66
19 52
20 2
21 47
22 31
23 54
24 4
25 74
26 16
27 90
28 96
29 30
30 70
31 22
32 24
33 59
34 46
35 25
36 26
37 14
38 8
39 57
40 29
41 5
42 41
43 73
44 87
45 94
46 75
47 49
48 99
49 44
50 21
51 78
52 95
53 91
54 93
55 83
56 19
57 42
58 23
59 53
60 89
61 84
62 32
63 51
64 1
65 20
66 56
67 81
68 92
69 18
70 36
71 11
72 68
73 34
74 6
75 97
76 71
77 48
78 79
79 43
80 77
81 58
82 100
83 98
84 86
85 80
86 27
87 82
88 40
89 10
90 64
91 33
92 13
93 38
94 3
95 28
96 39
97 12
98 7
99 15
100 88
