1 9
2 17
3 35
4 37
5 45
6 50
7 55
8 60
9 61
10 62
11 63
12 65
13 66
14 67
15 69
16 72
17 76
18 85
19 52
20 2
21 47
22 31
23 54
24 4
25 74
26 16
27 90
28 96
29 30
30 70
31 22
32 24
33 59
34 46
35 25
36 26
37 14
38 8
39 57
40 29
41 5
42 41
43 73
44 87
45 94
46 75
47 49
48 99
49 44
50 21
51 78
52 95
53 91
54 93
55 83
56 19
57 42
58 23
59 53
60 89
61 84
62 32
63 51
64 1
65 20
66 56
67 81
68 92
69 18
70 36
71 11
72 68
73 34
74 6
75 97
76 71
77 48
78 79
79 43
80 77
81 58
82 100
83 98
84 86
85 80
86 27
87 82
88 40
89 10
90 64
91 33
92 13
93 38
94 3
95 28
96 39
97 12
98 7
99 15
100 88
