1 2
2 4
3 9
4 16
5 17
6 31
7 35
8 37
9 45
10 47
11 50
12 52
13 54
14 55
15 60
16 61
17 62
18 63
19 65
20 66
21 67
22 69
23 72
24 74
25 76
26 85
27 90
28 96
29 30
30 70
31 22
32 24
33 59
34 46
35 25
36 26
37 14
38 8
39 57
40 29
41 5
42 41
43 73
44 87
45 94
46 75
47 49
48 99
49 44
50 21
51 78
52 95
53 91
54 93
55 83
56 19
57 42
58 23
59 53
60 89
61 84
62 32
63 51
64 1
65 20
66 56
67 81
68 92
69 18
70 36
71 11
72 68
73 34
74 6
75 97
76 71
77 48
78 79
79 43
80 77
81 58
82 100
83 98
84 86
85 80
86 27
87 82
88 40
89 10
90 64
91 33
92 13
93 38
94 3
95 28
96 39
97 12
98 7
99 15
100 88
