1 2
2 4
3 9
4 16
5 17
6 30
7 31
8 35
9 37
10 45
11 47
12 50
13 52
14 54
15 55
16 60
17 61
18 62
19 63
20 65
21 66
22 67
23 69
24 70
25 72
26 74
27 76
28 85
29 90
30 96
31 22
32 24
33 59
34 46
35 25
36 26
37 14
38 8
39 57
40 29
41 5
42 41
43 73
44 87
45 94
46 75
47 49
48 99
49 44
50 21
51 78
52 95
53 91
54 93
55 83
56 19
57 42
58 23
59 53
60 89
61 84
62 32
63 51
64 1
65 20
66 56
67 81
68 92
69 18
70 36
71 11
72 68
73 34
74 6
75 97
76 71
77 48
78 79
79 43
80 77
81 58
82 100
83 98
84 86
85 80
86 27
87 82
88 40
89 10
90 64
91 33
92 13
93 38
94 3
95 28
96 39
97 12
98 7
99 15
100 88
