1 2
2 4
3 9
4 16
5 17
6 22
7 24
8 30
9 31
10 35
11 37
12 45
13 46
14 47
15 50
16 52
17 54
18 55
19 59
20 60
21 61
22 62
23 63
24 65
25 66
26 67
27 69
28 70
29 72
30 74
31 76
32 85
33 90
34 96
35 25
36 26
37 14
38 8
39 57
40 29
41 5
42 41
43 73
44 87
45 94
46 75
47 49
48 99
49 44
50 21
51 78
52 95
53 91
54 93
55 83
56 19
57 42
58 23
59 53
60 89
61 84
62 32
63 51
64 1
65 20
66 56
67 81
68 92
69 18
70 36
71 11
72 68
73 34
74 6
75 97
76 71
77 48
78 79
79 43
80 77
81 58
82 100
83 98
84 86
85 80
86 27
87 82
88 40
89 10
90 64
91 33
92 13
93 38
94 3
95 28
96 39
97 12
98 7
99 15
100 88
