1 2
2 4
3 9
4 16
5 17
6 22
7 24
8 25
9 26
10 30
11 31
12 35
13 37
14 45
15 46
16 47
17 50
18 52
19 54
20 55
21 59
22 60
23 61
24 62
25 63
26 65
27 66
28 67
29 69
30 70
31 72
32 74
33 76
34 85
35 90
36 96
37 14
38 8
39 57
40 29
41 5
42 41
43 73
44 87
45 94
46 75
47 49
48 99
49 44
50 21
51 78
52 95
53 91
54 93
55 83
56 19
57 42
58 23
59 53
60 89
61 84
62 32
63 51
64 1
65 20
66 56
67 81
68 92
69 18
70 36
71 11
72 68
73 34
74 6
75 97
76 71
77 48
78 79
79 43
80 77
81 58
82 100
83 98
84 86
85 80
86 27
87 82
88 40
89 10
90 64
91 33
92 13
93 38
94 3
95 28
96 39
97 12
98 7
99 15
100 88
