1 2
2 4
3 9
4 14
5 16
6 17
7 22
8 24
9 25
10 26
11 30
12 31
13 35
14 37
15 45
16 46
17 47
18 50
19 52
20 54
21 55
22 59
23 60
24 61
25 62
26 63
27 65
28 66
29 67
30 69
31 70
32 72
33 74
34 76
35 85
36 90
37 96
38 8
39 57
40 29
41 5
42 41
43 73
44 87
45 94
46 75
47 49
48 99
49 44
50 21
51 78
52 95
53 91
54 93
55 83
56 19
57 42
58 23
59 53
60 89
61 84
62 32
63 51
64 1
65 20
66 56
67 81
68 92
69 18
70 36
71 11
72 68
73 34
74 6
75 97
76 71
77 48
78 79
79 43
80 77
81 58
82 100
83 98
84 86
85 80
86 27
87 82
88 40
89 10
90 64
91 33
92 13
93 38
94 3
95 28
96 39
97 12
98 7
99 15
100 88
