1 2
2 4
3 8
4 9
5 14
6 16
7 17
8 22
9 24
10 25
11 26
12 30
13 31
14 35
15 37
16 45
17 46
18 47
19 50
20 52
21 54
22 55
23 57
24 59
25 60
26 61
27 62
28 63
29 65
30 66
31 67
32 69
33 70
34 72
35 74
36 76
37 85
38 90
39 96
40 29
41 5
42 41
43 73
44 87
45 94
46 75
47 49
48 99
49 44
50 21
51 78
52 95
53 91
54 93
55 83
56 19
57 42
58 23
59 53
60 89
61 84
62 32
63 51
64 1
65 20
66 56
67 81
68 92
69 18
70 36
71 11
72 68
73 34
74 6
75 97
76 71
77 48
78 79
79 43
80 77
81 58
82 100
83 98
84 86
85 80
86 27
87 82
88 40
89 10
90 64
91 33
92 13
93 38
94 3
95 28
96 39
97 12
98 7
99 15
100 88
