1 2
2 4
3 8
4 9
5 14
6 16
7 17
8 22
9 24
10 25
11 26
12 29
13 30
14 31
15 35
16 37
17 45
18 46
19 47
20 50
21 52
22 54
23 55
24 57
25 59
26 60
27 61
28 62
29 63
30 65
31 66
32 67
33 69
34 70
35 72
36 74
37 76
38 85
39 90
40 96
41 5
42 41
43 73
44 87
45 94
46 75
47 49
48 99
49 44
50 21
51 78
52 95
53 91
54 93
55 83
56 19
57 42
58 23
59 53
60 89
61 84
62 32
63 51
64 1
65 20
66 56
67 81
68 92
69 18
70 36
71 11
72 68
73 34
74 6
75 97
76 71
77 48
78 79
79 43
80 77
81 58
82 100
83 98
84 86
85 80
86 27
87 82
88 40
89 10
90 64
91 33
92 13
93 38
94 3
95 28
96 39
97 12
98 7
99 15
100 88
