1 2
2 4
3 5
4 8
5 9
6 14
7 16
8 17
9 22
10 24
11 25
12 26
13 29
14 30
15 31
16 35
17 37
18 45
19 46
20 47
21 50
22 52
23 54
24 55
25 57
26 59
27 60
28 61
29 62
30 63
31 65
32 66
33 67
34 69
35 70
36 72
37 74
38 76
39 85
40 90
41 96
42 41
43 73
44 87
45 94
46 75
47 49
48 99
49 44
50 21
51 78
52 95
53 91
54 93
55 83
56 19
57 42
58 23
59 53
60 89
61 84
62 32
63 51
64 1
65 20
66 56
67 81
68 92
69 18
70 36
71 11
72 68
73 34
74 6
75 97
76 71
77 48
78 79
79 43
80 77
81 58
82 100
83 98
84 86
85 80
86 27
87 82
88 40
89 10
90 64
91 33
92 13
93 38
94 3
95 28
96 39
97 12
98 7
99 15
100 88
