1 2
2 4
3 5
4 8
5 9
6 14
7 16
8 17
9 22
10 24
11 25
12 26
13 29
14 30
15 31
16 35
17 37
18 41
19 45
20 46
21 47
22 50
23 52
24 54
25 55
26 57
27 59
28 60
29 61
30 62
31 63
32 65
33 66
34 67
35 69
36 70
37 72
38 73
39 74
40 76
41 85
42 87
43 90
44 96
45 94
46 75
47 49
48 99
49 44
50 21
51 78
52 95
53 91
54 93
55 83
56 19
57 42
58 23
59 53
60 89
61 84
62 32
63 51
64 1
65 20
66 56
67 81
68 92
69 18
70 36
71 11
72 68
73 34
74 6
75 97
76 71
77 48
78 79
79 43
80 77
81 58
82 100
83 98
84 86
85 80
86 27
87 82
88 40
89 10
90 64
91 33
92 13
93 38
94 3
95 28
96 39
97 12
98 7
99 15
100 88
