1 2
2 4
3 5
4 8
5 9
6 14
7 16
8 17
9 22
10 24
11 25
12 26
13 29
14 30
15 31
16 35
17 37
18 41
19 44
20 45
21 46
22 47
23 49
24 50
25 52
26 54
27 55
28 57
29 59
30 60
31 61
32 62
33 63
34 65
35 66
36 67
37 69
38 70
39 72
40 73
41 74
42 75
43 76
44 85
45 87
46 90
47 94
48 96
49 99
50 21
51 78
52 95
53 91
54 93
55 83
56 19
57 42
58 23
59 53
60 89
61 84
62 32
63 51
64 1
65 20
66 56
67 81
68 92
69 18
70 36
71 11
72 68
73 34
74 6
75 97
76 71
77 48
78 79
79 43
80 77
81 58
82 100
83 98
84 86
85 80
86 27
87 82
88 40
89 10
90 64
91 33
92 13
93 38
94 3
95 28
96 39
97 12
98 7
99 15
100 88
