1 2
2 4
3 5
4 8
5 9
6 14
7 16
8 17
9 21
10 22
11 24
12 25
13 26
14 29
15 30
16 31
17 35
18 37
19 41
20 44
21 45
22 46
23 47
24 49
25 50
26 52
27 54
28 55
29 57
30 59
31 60
32 61
33 62
34 63
35 65
36 66
37 67
38 69
39 70
40 72
41 73
42 74
43 75
44 76
45 78
46 85
47 87
48 90
49 94
50 95
51 96
52 99
53 91
54 93
55 83
56 19
57 42
58 23
59 53
60 89
61 84
62 32
63 51
64 1
65 20
66 56
67 81
68 92
69 18
70 36
71 11
72 68
73 34
74 6
75 97
76 71
77 48
78 79
79 43
80 77
81 58
82 100
83 98
84 86
85 80
86 27
87 82
88 40
89 10
90 64
91 33
92 13
93 38
94 3
95 28
96 39
97 12
98 7
99 15
100 88
