1 2
2 4
3 5
4 8
5 9
6 14
7 16
8 17
9 19
10 21
11 22
12 24
13 25
14 26
15 29
16 30
17 31
18 35
19 37
20 41
21 44
22 45
23 46
24 47
25 49
26 50
27 52
28 54
29 55
30 57
31 59
32 60
33 61
34 62
35 63
36 65
37 66
38 67
39 69
40 70
41 72
42 73
43 74
44 75
45 76
46 78
47 83
48 85
49 87
50 90
51 91
52 93
53 94
54 95
55 96
56 99
57 42
58 23
59 53
60 89
61 84
62 32
63 51
64 1
65 20
66 56
67 81
68 92
69 18
70 36
71 11
72 68
73 34
74 6
75 97
76 71
77 48
78 79
79 43
80 77
81 58
82 100
83 98
84 86
85 80
86 27
87 82
88 40
89 10
90 64
91 33
92 13
93 38
94 3
95 28
96 39
97 12
98 7
99 15
100 88
