1 2
2 4
3 5
4 8
5 9
6 14
7 16
8 17
9 19
10 21
11 22
12 24
13 25
14 26
15 29
16 30
17 31
18 35
19 37
20 41
21 42
22 44
23 45
24 46
25 47
26 49
27 50
28 52
29 54
30 55
31 57
32 59
33 60
34 61
35 62
36 63
37 65
38 66
39 67
40 69
41 70
42 72
43 73
44 74
45 75
46 76
47 78
48 83
49 85
50 87
51 90
52 91
53 93
54 94
55 95
56 96
57 99
58 23
59 53
60 89
61 84
62 32
63 51
64 1
65 20
66 56
67 81
68 92
69 18
70 36
71 11
72 68
73 34
74 6
75 97
76 71
77 48
78 79
79 43
80 77
81 58
82 100
83 98
84 86
85 80
86 27
87 82
88 40
89 10
90 64
91 33
92 13
93 38
94 3
95 28
96 39
97 12
98 7
99 15
100 88
