1 2
2 4
3 5
4 8
5 9
6 14
7 16
8 17
9 19
10 21
11 22
12 23
13 24
14 25
15 26
16 29
17 30
18 31
19 35
20 37
21 41
22 42
23 44
24 45
25 46
26 47
27 49
28 50
29 52
30 54
31 55
32 57
33 59
34 60
35 61
36 62
37 63
38 65
39 66
40 67
41 69
42 70
43 72
44 73
45 74
46 75
47 76
48 78
49 83
50 85
51 87
52 90
53 91
54 93
55 94
56 95
57 96
58 99
59 53
60 89
61 84
62 32
63 51
64 1
65 20
66 56
67 81
68 92
69 18
70 36
71 11
72 68
73 34
74 6
75 97
76 71
77 48
78 79
79 43
80 77
81 58
82 100
83 98
84 86
85 80
86 27
87 82
88 40
89 10
90 64
91 33
92 13
93 38
94 3
95 28
96 39
97 12
98 7
99 15
100 88
