1 2
2 4
3 5
4 8
5 9
6 14
7 16
8 17
9 19
10 21
11 22
12 23
13 24
14 25
15 26
16 29
17 30
18 31
19 35
20 37
21 41
22 42
23 44
24 45
25 46
26 47
27 49
28 50
29 52
30 53
31 54
32 55
33 57
34 59
35 60
36 61
37 62
38 63
39 65
40 66
41 67
42 69
43 70
44 72
45 73
46 74
47 75
48 76
49 78
50 83
51 85
52 87
53 90
54 91
55 93
56 94
57 95
58 96
59 99
60 89
61 84
62 32
63 51
64 1
65 20
66 56
67 81
68 92
69 18
70 36
71 11
72 68
73 34
74 6
75 97
76 71
77 48
78 79
79 43
80 77
81 58
82 100
83 98
84 86
85 80
86 27
87 82
88 40
89 10
90 64
91 33
92 13
93 38
94 3
95 28
96 39
97 12
98 7
99 15
100 88
