1 2
2 4
3 5
4 8
5 9
6 14
7 16
8 17
9 19
10 21
11 22
12 23
13 24
14 25
15 26
16 29
17 30
18 31
19 32
20 35
21 37
22 41
23 42
24 44
25 45
26 46
27 47
28 49
29 50
30 52
31 53
32 54
33 55
34 57
35 59
36 60
37 61
38 62
39 63
40 65
41 66
42 67
43 69
44 70
45 72
46 73
47 74
48 75
49 76
50 78
51 83
52 84
53 85
54 87
55 89
56 90
57 91
58 93
59 94
60 95
61 96
62 99
63 51
64 1
65 20
66 56
67 81
68 92
69 18
70 36
71 11
72 68
73 34
74 6
75 97
76 71
77 48
78 79
79 43
80 77
81 58
82 100
83 98
84 86
85 80
86 27
87 82
88 40
89 10
90 64
91 33
92 13
93 38
94 3
95 28
96 39
97 12
98 7
99 15
100 88
