1 2
2 4
3 5
4 8
5 9
6 14
7 16
8 17
9 19
10 21
11 22
12 23
13 24
14 25
15 26
16 29
17 30
18 31
19 32
20 35
21 37
22 41
23 42
24 44
25 45
26 46
27 47
28 49
29 50
30 51
31 52
32 53
33 54
34 55
35 57
36 59
37 60
38 61
39 62
40 63
41 65
42 66
43 67
44 69
45 70
46 72
47 73
48 74
49 75
50 76
51 78
52 83
53 84
54 85
55 87
56 89
57 90
58 91
59 93
60 94
61 95
62 96
63 99
64 1
65 20
66 56
67 81
68 92
69 18
70 36
71 11
72 68
73 34
74 6
75 97
76 71
77 48
78 79
79 43
80 77
81 58
82 100
83 98
84 86
85 80
86 27
87 82
88 40
89 10
90 64
91 33
92 13
93 38
94 3
95 28
96 39
97 12
98 7
99 15
100 88
