1 1
2 2
3 4
4 5
5 8
6 9
7 14
8 16
9 17
10 19
11 21
12 22
13 23
14 24
15 25
16 26
17 29
18 30
19 31
20 32
21 35
22 37
23 41
24 42
25 44
26 45
27 46
28 47
29 49
30 50
31 51
32 52
33 53
34 54
35 55
36 57
37 59
38 60
39 61
40 62
41 63
42 65
43 66
44 67
45 69
46 70
47 72
48 73
49 74
50 75
51 76
52 78
53 83
54 84
55 85
56 87
57 89
58 90
59 91
60 93
61 94
62 95
63 96
64 99
65 20
66 56
67 81
68 92
69 18
70 36
71 11
72 68
73 34
74 6
75 97
76 71
77 48
78 79
79 43
80 77
81 58
82 100
83 98
84 86
85 80
86 27
87 82
88 40
89 10
90 64
91 33
92 13
93 38
94 3
95 28
96 39
97 12
98 7
99 15
100 88
