1 1
2 2
3 4
4 5
5 8
6 9
7 14
8 16
9 17
10 19
11 20
12 21
13 22
14 23
15 24
16 25
17 26
18 29
19 30
20 31
21 32
22 35
23 37
24 41
25 42
26 44
27 45
28 46
29 47
30 49
31 50
32 51
33 52
34 53
35 54
36 55
37 56
38 57
39 59
40 60
41 61
42 62
43 63
44 65
45 66
46 67
47 69
48 70
49 72
50 73
51 74
52 75
53 76
54 78
55 81
56 83
57 84
58 85
59 87
60 89
61 90
62 91
63 92
64 93
65 94
66 95
67 96
68 99
69 18
70 36
71 11
72 68
73 34
74 6
75 97
76 71
77 48
78 79
79 43
80 77
81 58
82 100
83 98
84 86
85 80
86 27
87 82
88 40
89 10
90 64
91 33
92 13
93 38
94 3
95 28
96 39
97 12
98 7
99 15
100 88
