1 1
2 2
3 4
4 5
5 8
6 9
7 14
8 16
9 17
10 18
11 19
12 20
13 21
14 22
15 23
16 24
17 25
18 26
19 29
20 30
21 31
22 32
23 35
24 37
25 41
26 42
27 44
28 45
29 46
30 47
31 49
32 50
33 51
34 52
35 53
36 54
37 55
38 56
39 57
40 59
41 60
42 61
43 62
44 63
45 65
46 66
47 67
48 69
49 70
50 72
51 73
52 74
53 75
54 76
55 78
56 81
57 83
58 84
59 85
60 87
61 89
62 90
63 91
64 92
65 93
66 94
67 95
68 96
69 99
70 36
71 11
72 68
73 34
74 6
75 97
76 71
77 48
78 79
79 43
80 77
81 58
82 100
83 98
84 86
85 80
86 27
87 82
88 40
89 10
90 64
91 33
92 13
93 38
94 3
95 28
96 39
97 12
98 7
99 15
100 88
