1 1
2 2
3 4
4 5
5 8
6 9
7 14
8 16
9 17
10 18
11 19
12 20
13 21
14 22
15 23
16 24
17 25
18 26
19 29
20 30
21 31
22 32
23 35
24 36
25 37
26 41
27 42
28 44
29 45
30 46
31 47
32 49
33 50
34 51
35 52
36 53
37 54
38 55
39 56
40 57
41 59
42 60
43 61
44 62
45 63
46 65
47 66
48 67
49 69
50 70
51 72
52 73
53 74
54 75
55 76
56 78
57 81
58 83
59 84
60 85
61 87
62 89
63 90
64 91
65 92
66 93
67 94
68 95
69 96
70 99
71 11
72 68
73 34
74 6
75 97
76 71
77 48
78 79
79 43
80 77
81 58
82 100
83 98
84 86
85 80
86 27
87 82
88 40
89 10
90 64
91 33
92 13
93 38
94 3
95 28
96 39
97 12
98 7
99 15
100 88
