1 1
2 2
3 4
4 5
5 8
6 9
7 11
8 14
9 16
10 17
11 18
12 19
13 20
14 21
15 22
16 23
17 24
18 25
19 26
20 29
21 30
22 31
23 32
24 35
25 36
26 37
27 41
28 42
29 44
30 45
31 46
32 47
33 49
34 50
35 51
36 52
37 53
38 54
39 55
40 56
41 57
42 59
43 60
44 61
45 62
46 63
47 65
48 66
49 67
50 68
51 69
52 70
53 72
54 73
55 74
56 75
57 76
58 78
59 81
60 83
61 84
62 85
63 87
64 89
65 90
66 91
67 92
68 93
69 94
70 95
71 96
72 99
73 34
74 6
75 97
76 71
77 48
78 79
79 43
80 77
81 58
82 100
83 98
84 86
85 80
86 27
87 82
88 40
89 10
90 64
91 33
92 13
93 38
94 3
95 28
96 39
97 12
98 7
99 15
100 88
