1 1
2 2
3 4
4 5
5 8
6 9
7 11
8 14
9 16
10 17
11 18
12 19
13 20
14 21
15 22
16 23
17 24
18 25
19 26
20 29
21 30
22 31
23 32
24 34
25 35
26 36
27 37
28 41
29 42
30 44
31 45
32 46
33 47
34 49
35 50
36 51
37 52
38 53
39 54
40 55
41 56
42 57
43 59
44 60
45 61
46 62
47 63
48 65
49 66
50 67
51 68
52 69
53 70
54 72
55 73
56 74
57 75
58 76
59 78
60 81
61 83
62 84
63 85
64 87
65 89
66 90
67 91
68 92
69 93
70 94
71 95
72 96
73 99
74 6
75 97
76 71
77 48
78 79
79 43
80 77
81 58
82 100
83 98
84 86
85 80
86 27
87 82
88 40
89 10
90 64
91 33
92 13
93 38
94 3
95 28
96 39
97 12
98 7
99 15
100 88
