1 1
2 2
3 4
4 5
5 6
6 8
7 9
8 11
9 14
10 16
11 17
12 18
13 19
14 20
15 21
16 22
17 23
18 24
19 25
20 26
21 29
22 30
23 31
24 32
25 34
26 35
27 36
28 37
29 41
30 42
31 44
32 45
33 46
34 47
35 49
36 50
37 51
38 52
39 53
40 54
41 55
42 56
43 57
44 59
45 60
46 61
47 62
48 63
49 65
50 66
51 67
52 68
53 69
54 70
55 72
56 73
57 74
58 75
59 76
60 78
61 81
62 83
63 84
64 85
65 87
66 89
67 90
68 91
69 92
70 93
71 94
72 95
73 96
74 97
75 99
76 71
77 48
78 79
79 43
80 77
81 58
82 100
83 98
84 86
85 80
86 27
87 82
88 40
89 10
90 64
91 33
92 13
93 38
94 3
95 28
96 39
97 12
98 7
99 15
100 88
