1 1
2 2
3 4
4 5
5 6
6 8
7 9
8 11
9 14
10 16
11 17
12 18
13 19
14 20
15 21
16 22
17 23
18 24
19 25
20 26
21 29
22 30
23 31
24 32
25 34
26 35
27 36
28 37
29 41
30 42
31 44
32 45
33 46
34 47
35 49
36 50
37 51
38 52
39 53
40 54
41 55
42 56
43 57
44 59
45 60
46 61
47 62
48 63
49 65
50 66
51 67
52 68
53 69
54 70
55 71
56 72
57 73
58 74
59 75
60 76
61 78
62 81
63 83
64 84
65 85
66 87
67 89
68 90
69 91
70 92
71 93
72 94
73 95
74 96
75 97
76 99
77 48
78 79
79 43
80 77
81 58
82 100
83 98
84 86
85 80
86 27
87 82
88 40
89 10
90 64
91 33
92 13
93 38
94 3
95 28
96 39
97 12
98 7
99 15
100 88
