1 1
2 2
3 4
4 5
5 6
6 8
7 9
8 11
9 14
10 16
11 17
12 18
13 19
14 20
15 21
16 22
17 23
18 24
19 25
20 26
21 29
22 30
23 31
24 32
25 34
26 35
27 36
28 37
29 41
30 42
31 44
32 45
33 46
34 47
35 48
36 49
37 50
38 51
39 52
40 53
41 54
42 55
43 56
44 57
45 59
46 60
47 61
48 62
49 63
50 65
51 66
52 67
53 68
54 69
55 70
56 71
57 72
58 73
59 74
60 75
61 76
62 78
63 81
64 83
65 84
66 85
67 87
68 89
69 90
70 91
71 92
72 93
73 94
74 95
75 96
76 97
77 99
78 79
79 43
80 77
81 58
82 100
83 98
84 86
85 80
86 27
87 82
88 40
89 10
90 64
91 33
92 13
93 38
94 3
95 28
96 39
97 12
98 7
99 15
100 88
