1 1
2 2
3 4
4 5
5 6
6 8
7 9
8 11
9 14
10 16
11 17
12 18
13 19
14 20
15 21
16 22
17 23
18 24
19 25
20 26
21 29
22 30
23 31
24 32
25 34
26 35
27 36
28 37
29 41
30 42
31 44
32 45
33 46
34 47
35 48
36 49
37 50
38 51
39 52
40 53
41 54
42 55
43 56
44 57
45 59
46 60
47 61
48 62
49 63
50 65
51 66
52 67
53 68
54 69
55 70
56 71
57 72
58 73
59 74
60 75
61 76
62 78
63 79
64 81
65 83
66 84
67 85
68 87
69 89
70 90
71 91
72 92
73 93
74 94
75 95
76 96
77 97
78 99
79 43
80 77
81 58
82 100
83 98
84 86
85 80
86 27
87 82
88 40
89 10
90 64
91 33
92 13
93 38
94 3
95 28
96 39
97 12
98 7
99 15
100 88
