1 1
2 2
3 4
4 5
5 6
6 8
7 9
8 11
9 14
10 16
11 17
12 18
13 19
14 20
15 21
16 22
17 23
18 24
19 25
20 26
21 29
22 30
23 31
24 32
25 34
26 35
27 36
28 37
29 41
30 42
31 43
32 44
33 45
34 46
35 47
36 48
37 49
38 50
39 51
40 52
41 53
42 54
43 55
44 56
45 57
46 59
47 60
48 61
49 62
50 63
51 65
52 66
53 67
54 68
55 69
56 70
57 71
58 72
59 73
60 74
61 75
62 76
63 78
64 79
65 81
66 83
67 84
68 85
69 87
70 89
71 90
72 91
73 92
74 93
75 94
76 95
77 96
78 97
79 99
80 77
81 58
82 100
83 98
84 86
85 80
86 27
87 82
88 40
89 10
90 64
91 33
92 13
93 38
94 3
95 28
96 39
97 12
98 7
99 15
100 88
