1 1
2 2
3 4
4 5
5 6
6 8
7 9
8 11
9 14
10 16
11 17
12 18
13 19
14 20
15 21
16 22
17 23
18 24
19 25
20 26
21 29
22 30
23 31
24 32
25 34
26 35
27 36
28 37
29 41
30 42
31 43
32 44
33 45
34 46
35 47
36 48
37 49
38 50
39 51
40 52
41 53
42 54
43 55
44 56
45 57
46 59
47 60
48 61
49 62
50 63
51 65
52 66
53 67
54 68
55 69
56 70
57 71
58 72
59 73
60 74
61 75
62 76
63 77
64 78
65 79
66 81
67 83
68 84
69 85
70 87
71 89
72 90
73 91
74 92
75 93
76 94
77 95
78 96
79 97
80 99
81 58
82 100
83 98
84 86
85 80
86 27
87 82
88 40
89 10
90 64
91 33
92 13
93 38
94 3
95 28
96 39
97 12
98 7
99 15
100 88
