1 1
2 2
3 4
4 5
5 6
6 8
7 9
8 11
9 14
10 16
11 17
12 18
13 19
14 20
15 21
16 22
17 23
18 24
19 25
20 26
21 29
22 30
23 31
24 32
25 34
26 35
27 36
28 37
29 41
30 42
31 43
32 44
33 45
34 46
35 47
36 48
37 49
38 50
39 51
40 52
41 53
42 54
43 55
44 56
45 57
46 58
47 59
48 60
49 61
50 62
51 63
52 65
53 66
54 67
55 68
56 69
57 70
58 71
59 72
60 73
61 74
62 75
63 76
64 77
65 78
66 79
67 80
68 81
69 83
70 84
71 85
72 86
73 87
74 89
75 90
76 91
77 92
78 93
79 94
80 95
81 96
82 97
83 98
84 99
85 100
86 27
87 82
88 40
89 10
90 64
91 33
92 13
93 38
94 3
95 28
96 39
97 12
98 7
99 15
100 88
