1 1
2 2
3 4
4 5
5 6
6 8
7 9
8 11
9 14
10 16
11 17
12 18
13 19
14 20
15 21
16 22
17 23
18 24
19 25
20 26
21 27
22 29
23 30
24 31
25 32
26 34
27 35
28 36
29 37
30 41
31 42
32 43
33 44
34 45
35 46
36 47
37 48
38 49
39 50
40 51
41 52
42 53
43 54
44 55
45 56
46 57
47 58
48 59
49 60
50 61
51 62
52 63
53 65
54 66
55 67
56 68
57 69
58 70
59 71
60 72
61 73
62 74
63 75
64 76
65 77
66 78
67 79
68 80
69 81
70 83
71 84
72 85
73 86
74 87
75 89
76 90
77 91
78 92
79 93
80 94
81 95
82 96
83 97
84 98
85 99
86 100
87 82
88 40
89 10
90 64
91 33
92 13
93 38
94 3
95 28
96 39
97 12
98 7
99 15
100 88
