1 1
2 2
3 4
4 5
5 6
6 8
7 9
8 11
9 14
10 16
11 17
12 18
13 19
14 20
15 21
16 22
17 23
18 24
19 25
20 26
21 27
22 29
23 30
24 31
25 32
26 34
27 35
28 36
29 37
30 40
31 41
32 42
33 43
34 44
35 45
36 46
37 47
38 48
39 49
40 50
41 51
42 52
43 53
44 54
45 55
46 56
47 57
48 58
49 59
50 60
51 61
52 62
53 63
54 65
55 66
56 67
57 68
58 69
59 70
60 71
61 72
62 73
63 74
64 75
65 76
66 77
67 78
68 79
69 80
70 81
71 82
72 83
73 84
74 85
75 86
76 87
77 89
78 90
79 91
80 92
81 93
82 94
83 95
84 96
85 97
86 98
87 99
88 100
89 10
90 64
91 33
92 13
93 38
94 3
95 28
96 39
97 12
98 7
99 15
100 88
