1 1
2 2
3 4
4 5
5 6
6 8
7 9
8 10
9 11
10 14
11 16
12 17
13 18
14 19
15 20
16 21
17 22
18 23
19 24
20 25
21 26
22 27
23 29
24 30
25 31
26 32
27 34
28 35
29 36
30 37
31 40
32 41
33 42
34 43
35 44
36 45
37 46
38 47
39 48
40 49
41 50
42 51
43 52
44 53
45 54
46 55
47 56
48 57
49 58
50 59
51 60
52 61
53 62
54 63
55 64
56 65
57 66
58 67
59 68
60 69
61 70
62 71
63 72
64 73
65 74
66 75
67 76
68 77
69 78
70 79
71 80
72 81
73 82
74 83
75 84
76 85
77 86
78 87
79 89
80 90
81 91
82 92
83 93
84 94
85 95
86 96
87 97
88 98
89 99
90 100
91 33
92 13
93 38
94 3
95 28
96 39
97 12
98 7
99 15
100 88
