1 1
2 2
3 4
4 5
5 6
6 8
7 9
8 10
9 11
10 14
11 16
12 17
13 18
14 19
15 20
16 21
17 22
18 23
19 24
20 25
21 26
22 27
23 29
24 30
25 31
26 32
27 33
28 34
29 35
30 36
31 37
32 40
33 41
34 42
35 43
36 44
37 45
38 46
39 47
40 48
41 49
42 50
43 51
44 52
45 53
46 54
47 55
48 56
49 57
50 58
51 59
52 60
53 61
54 62
55 63
56 64
57 65
58 66
59 67
60 68
61 69
62 70
63 71
64 72
65 73
66 74
67 75
68 76
69 77
70 78
71 79
72 80
73 81
74 82
75 83
76 84
77 85
78 86
79 87
80 89
81 90
82 91
83 92
84 93
85 94
86 95
87 96
88 97
89 98
90 99
91 100
92 13
93 38
94 3
95 28
96 39
97 12
98 7
99 15
100 88
