1 1
2 2
3 4
4 5
5 6
6 8
7 9
8 10
9 11
10 13
11 14
12 16
13 17
14 18
15 19
16 20
17 21
18 22
19 23
20 24
21 25
22 26
23 27
24 29
25 30
26 31
27 32
28 33
29 34
30 35
31 36
32 37
33 40
34 41
35 42
36 43
37 44
38 45
39 46
40 47
41 48
42 49
43 50
44 51
45 52
46 53
47 54
48 55
49 56
50 57
51 58
52 59
53 60
54 61
55 62
56 63
57 64
58 65
59 66
60 67
61 68
62 69
63 70
64 71
65 72
66 73
67 74
68 75
69 76
70 77
71 78
72 79
73 80
74 81
75 82
76 83
77 84
78 85
79 86
80 87
81 89
82 90
83 91
84 92
85 93
86 94
87 95
88 96
89 97
90 98
91 99
92 100
93 38
94 3
95 28
96 39
97 12
98 7
99 15
100 88
