1 1
2 2
3 4
4 5
5 6
6 8
7 9
8 10
9 11
10 13
11 14
12 16
13 17
14 18
15 19
16 20
17 21
18 22
19 23
20 24
21 25
22 26
23 27
24 29
25 30
26 31
27 32
28 33
29 34
30 35
31 36
32 37
33 38
34 40
35 41
36 42
37 43
38 44
39 45
40 46
41 47
42 48
43 49
44 50
45 51
46 52
47 53
48 54
49 55
50 56
51 57
52 58
53 59
54 60
55 61
56 62
57 63
58 64
59 65
60 66
61 67
62 68
63 69
64 70
65 71
66 72
67 73
68 74
69 75
70 76
71 77
72 78
73 79
74 80
75 81
76 82
77 83
78 84
79 85
80 86
81 87
82 89
83 90
84 91
85 92
86 93
87 94
88 95
89 96
90 97
91 98
92 99
93 100
94 3
95 28
96 39
97 12
98 7
99 15
100 88
