1 1
2 2
3 3
4 4
5 5
6 6
7 8
8 9
9 10
10 11
11 13
12 14
13 16
14 17
15 18
16 19
17 20
18 21
19 22
20 23
21 24
22 25
23 26
24 27
25 29
26 30
27 31
28 32
29 33
30 34
31 35
32 36
33 37
34 38
35 40
36 41
37 42
38 43
39 44
40 45
41 46
42 47
43 48
44 49
45 50
46 51
47 52
48 53
49 54
50 55
51 56
52 57
53 58
54 59
55 60
56 61
57 62
58 63
59 64
60 65
61 66
62 67
63 68
64 69
65 70
66 71
67 72
68 73
69 74
70 75
71 76
72 77
73 78
74 79
75 80
76 81
77 82
78 83
79 84
80 85
81 86
82 87
83 89
84 90
85 91
86 92
87 93
88 94
89 95
90 96
91 97
92 98
93 99
94 100
95 28
96 39
97 12
98 7
99 15
100 88
