1 3
2 6
3 28
4 7
5 18
6 30
7 38
8 31
9 22
10 36
11 65
12 30
13 35
14 40
15 39
16 90
17 74
18 66
19 43
20 73
21 42
22 97
23 99
24 37
25 58
26 39
27 100
28 40
29 5
30 10
31 66
32 24
33 41
34 67
35 89
36 51
37 41
38 12
39 72
40 7
41 25
42 75
43 83
44 35
45 62
46 51
47 49
48 85
49 42
50 32
51 89
52 9
53 42
54 46
55 98
56 50
57 100
58 41
59 32
60 70
61 74
62 66
63 69
64 30
65 44
66 75
67 61
68 53
69 55
70 1
71 39
72 56
73 78
74 47
75 71
76 88
77 62
78 61
79 18
80 6
81 20
82 93
83 27
84 92
85 100
86 68
87 66
88 26
89 25
90 86
91 13
92 39
93 16
94 80
95 28
96 54
97 77
98 77
99 1
100 26
