1 1
2 8
3 3
4 17
5 16
6 4
7 13
8 49
9 33
10 47
11 45
12 18
13 20
14 31
15 19
16 93
17 69
18 78
19 40
20 88
21 73
22 84
23 71
24 85
25 67
26 70
27 24
28 63
29 98
30 97
31 10
32 42
33 43
34 25
35 66
36 6
37 54
38 76
39 64
40 32
41 53
42 52
43 96
44 57
45 94
46 9
47 62
48 91
49 50
50 100
51 74
52 38
53 75
54 59
55 77
56 7
57 80
58 79
59 21
60 81
61 23
62 92
63 61
64 89
65 58
66 35
67 27
68 37
69 82
70 34
71 99
72 72
73 39
74 11
75 30
76 28
77 56
78 26
79 51
80 36
81 90
82 95
83 12
84 29
85 86
86 5
87 55
88 44
89 22
90 41
91 14
92 65
93 48
94 2
95 87
96 68
97 83
98 46
99 60
100 15
