1 3
2 6
3 5
4 7
5 7
6 30
7 10
8 24
9 12
10 18
11 35
12 30
13 35
14 38
15 28
16 31
17 67
18 41
19 22
20 25
21 42
22 62
23 49
24 37
25 32
26 39
27 100
28 40
29 40
30 39
31 66
32 90
33 41
34 74
35 89
36 66
37 51
38 43
39 72
40 73
41 36
42 75
43 83
44 97
45 65
46 99
47 51
48 85
49 42
50 58
51 89
52 9
53 42
54 46
55 98
56 50
57 100
58 41
59 32
60 70
61 74
62 66
63 69
64 30
65 44
66 75
67 61
68 53
69 55
70 1
71 39
72 56
73 78
74 47
75 71
76 88
77 62
78 61
79 18
80 6
81 20
82 93
83 27
84 92
85 100
86 68
87 66
88 26
89 25
90 86
91 13
92 39
93 16
94 80
95 28
96 54
97 77
98 77
99 1
100 26
