1 1
2 6
3 3
4 8
5 9
6 4
7 10
8 25
9 17
10 32
11 16
12 18
13 20
14 31
15 13
16 43
17 42
18 33
19 40
20 47
21 52
22 57
23 45
24 50
25 67
26 38
27 24
28 63
29 98
30 97
31 19
32 93
33 49
34 69
35 66
36 78
37 54
38 76
39 64
40 88
41 53
42 73
43 96
44 84
45 94
46 71
47 62
48 91
49 85
50 100
51 74
52 70
53 75
54 59
55 77
56 7
57 80
58 79
59 21
60 81
61 23
62 92
63 61
64 89
65 58
66 35
67 27
68 37
69 82
70 34
71 99
72 72
73 39
74 11
75 30
76 28
77 56
78 26
79 51
80 36
81 90
82 95
83 12
84 29
85 86
86 5
87 55
88 44
89 22
90 41
91 14
92 65
93 48
94 2
95 87
96 68
97 83
98 46
99 60
100 15
