1 1
2 6
3 3
4 8
5 9
6 4
7 7
8 25
9 17
10 32
11 16
12 18
13 20
14 10
15 13
16 27
17 34
18 33
19 40
20 47
21 52
22 57
23 45
24 50
25 67
26 38
27 24
28 31
29 21
30 23
31 19
32 58
33 35
34 42
35 37
36 78
37 54
38 76
39 64
40 88
41 53
42 73
43 96
44 84
45 94
46 71
47 62
48 91
49 85
50 100
51 74
52 70
53 75
54 59
55 77
56 63
57 80
58 98
59 79
60 97
61 81
62 92
63 61
64 93
65 89
66 49
67 43
68 69
69 82
70 66
71 99
72 72
73 39
74 11
75 30
76 28
77 56
78 26
79 51
80 36
81 90
82 95
83 12
84 29
85 86
86 5
87 55
88 44
89 22
90 41
91 14
92 65
93 48
94 2
95 87
96 68
97 83
98 46
99 60
100 15
