1 1
2 2
3 3
4 8
5 5
6 4
7 7
8 25
9 11
10 9
11 6
12 18
13 20
14 10
15 13
16 27
17 34
18 17
19 26
20 32
21 12
22 16
23 14
24 50
25 67
26 38
27 24
28 31
29 21
30 23
31 19
32 58
33 35
34 42
35 37
36 39
37 30
38 40
39 28
40 47
41 36
42 52
43 29
44 44
45 22
46 48
47 45
48 68
49 85
50 100
51 74
52 70
53 75
54 59
55 77
56 63
57 80
58 98
59 79
60 97
61 81
62 92
63 61
64 93
65 89
66 49
67 43
68 69
69 82
70 66
71 99
72 78
73 72
74 54
75 33
76 76
77 56
78 64
79 51
80 88
81 90
82 95
83 53
84 73
85 86
86 96
87 55
88 84
89 57
90 94
91 41
92 71
93 65
94 62
95 87
96 91
97 83
98 46
99 60
100 15
