1 1
2 3
3 1
4 6
5 6
6 5
7 10
8 7
9 12
10 7
11 13
12 9
13 30
14 32
15 28
16 30
17 24
18 41
19 18
20 18
21 42
22 25
23 16
24 30
25 26
26 35
27 46
28 40
29 38
30 39
31 66
32 31
33 41
34 55
35 39
36 56
37 47
38 43
39 22
40 20
41 27
42 75
43 66
44 35
45 26
46 39
47 28
48 54
49 37
50 32
51 89
52 39
53 42
54 100
55 98
56 50
57 100
58 41
59 40
60 70
61 74
62 66
63 69
64 90
65 44
66 75
67 61
68 74
69 67
70 89
71 53
72 66
73 78
74 51
75 71
76 88
77 62
78 72
79 61
80 73
81 25
82 93
83 36
84 92
85 100
86 83
87 68
88 97
89 62
90 86
91 65
92 99
93 49
94 80
95 51
96 85
97 77
98 77
99 42
100 58
