1 1
2 1
3 3
4 1
5 6
6 6
7 5
8 10
9 7
10 12
11 7
12 13
13 9
14 30
15 32
16 28
17 30
18 24
19 41
20 18
21 18
22 42
23 25
24 16
25 30
26 26
27 35
28 46
29 40
30 38
31 39
32 66
33 31
34 41
35 55
36 39
37 56
38 47
39 43
40 22
41 20
42 27
43 75
44 66
45 35
46 26
47 39
48 28
49 54
50 37
51 32
52 89
53 39
54 42
55 100
56 98
57 50
58 100
59 41
60 40
61 70
62 74
63 66
64 69
65 90
66 44
67 75
68 61
69 74
70 67
71 89
72 53
73 66
74 78
75 51
76 71
77 88
78 62
79 72
80 61
81 73
82 25
83 93
84 36
85 92
86 100
87 83
88 68
89 97
90 62
91 86
92 65
93 99
94 49
95 80
96 51
97 85
98 77
99 77
100 42
