1 1
2 2
3 3
4 5
5 4
6 8
7 6
8 15
9 7
10 25
11 11
12 9
13 14
14 18
15 20
16 10
17 13
18 27
19 34
20 17
21 26
22 32
23 12
24 16
25 45
26 46
27 60
28 38
29 24
30 31
31 21
32 23
33 19
34 58
35 35
36 42
37 37
38 39
39 30
40 40
41 28
42 47
43 36
44 52
45 29
46 44
47 22
48 48
49 62
50 68
51 50
52 67
53 74
54 70
55 75
56 59
57 77
58 63
59 80
60 98
61 79
62 97
63 81
64 92
65 61
66 93
67 89
68 49
69 43
70 69
71 82
72 66
73 99
74 78
75 72
76 54
77 33
78 76
79 56
80 64
81 51
82 88
83 90
84 95
85 53
86 73
87 86
88 96
89 55
90 84
91 57
92 94
93 41
94 71
95 65
96 100
97 87
98 91
99 83
100 85
