1 1
2 2
3 3
4 4
5 5
6 7
7 8
8 6
9 15
10 10
11 25
12 11
13 9
14 14
15 18
16 20
17 21
18 13
19 27
20 34
21 17
22 26
23 32
24 12
25 16
26 45
27 46
28 60
29 38
30 24
31 31
32 79
33 23
34 19
35 58
36 35
37 42
38 37
39 39
40 30
41 40
42 28
43 47
44 36
45 52
46 29
47 44
48 22
49 48
50 62
51 68
52 50
53 67
54 74
55 70
56 75
57 59
58 77
59 63
60 80
61 98
62 85
63 97
64 81
65 92
66 61
67 93
68 89
69 49
70 43
71 69
72 82
73 66
74 99
75 78
76 72
77 54
78 33
79 76
80 56
81 64
82 51
83 88
84 90
85 95
86 53
87 73
88 86
89 96
90 55
91 84
92 57
93 94
94 41
95 71
96 65
97 100
98 87
99 91
100 83
