1 1
2 1
3 3
4 5
5 5
6 6
7 9
8 7
9 6
10 26
11 10
12 24
13 12
14 7
15 13
16 30
17 30
18 32
19 28
20 30
21 39
22 41
23 18
24 18
25 42
26 25
27 16
28 37
29 32
30 35
31 46
32 40
33 38
34 39
35 66
36 31
37 41
38 55
39 42
40 56
41 47
42 43
43 22
44 20
45 27
46 75
47 66
48 35
49 26
50 39
51 28
52 54
53 77
54 58
55 89
56 39
57 42
58 100
59 98
60 50
61 100
62 41
63 40
64 70
65 74
66 66
67 69
68 90
69 44
70 75
71 61
72 74
73 67
74 89
75 53
76 66
77 78
78 51
79 71
80 88
81 62
82 72
83 61
84 73
85 25
86 93
87 36
88 92
89 100
90 83
91 68
92 97
93 62
94 86
95 65
96 99
97 49
98 80
99 51
100 85
