1 1
2 1
3 3
4 5
5 6
6 6
7 6
8 9
9 7
10 7
11 26
12 10
13 24
14 12
15 18
16 13
17 30
18 30
19 32
20 28
21 30
22 39
23 41
24 18
25 20
26 42
27 25
28 16
29 37
30 32
31 35
32 46
33 40
34 38
35 39
36 66
37 31
38 41
39 55
40 42
41 56
42 47
43 43
44 22
45 25
46 27
47 75
48 66
49 35
50 26
51 39
52 28
53 54
54 77
55 58
56 89
57 39
58 42
59 100
60 98
61 50
62 100
63 41
64 40
65 70
66 74
67 66
68 69
69 90
70 44
71 75
72 61
73 74
74 67
75 89
76 53
77 66
78 78
79 51
80 71
81 88
82 62
83 72
84 61
85 73
86 77
87 93
88 36
89 92
90 100
91 83
92 68
93 97
94 62
95 86
96 65
97 99
98 49
99 80
100 51
