1 1
2 1
3 3
4 5
5 6
6 6
7 6
8 7
9 9
10 12
11 7
12 26
13 10
14 24
15 18
16 18
17 13
18 30
19 30
20 32
21 28
22 30
23 39
24 41
25 22
26 20
27 42
28 25
29 16
30 37
31 32
32 35
33 46
34 40
35 38
36 39
37 66
38 31
39 41
40 55
41 42
42 56
43 47
44 43
45 61
46 25
47 27
48 75
49 66
50 35
51 26
52 39
53 28
54 54
55 77
56 58
57 89
58 39
59 42
60 100
61 98
62 50
63 100
64 41
65 40
66 70
67 74
68 66
69 69
70 90
71 44
72 75
73 61
74 74
75 67
76 89
77 53
78 66
79 78
80 51
81 71
82 88
83 62
84 72
85 85
86 73
87 77
88 93
89 36
90 92
91 100
92 83
93 68
94 97
95 62
96 86
97 65
98 99
99 49
100 80
