1 1
2 1
3 3
4 5
5 6
6 6
7 7
8 7
9 7
10 9
11 12
12 13
13 26
14 10
15 24
16 18
17 18
18 16
19 30
20 30
21 32
22 28
23 30
24 39
25 41
26 22
27 20
28 42
29 25
30 28
31 37
32 32
33 35
34 46
35 40
36 38
37 39
38 66
39 31
40 41
41 55
42 42
43 56
44 47
45 43
46 61
47 25
48 27
49 75
50 66
51 35
52 26
53 39
54 51
55 54
56 77
57 58
58 89
59 39
60 42
61 100
62 98
63 50
64 100
65 41
66 40
67 70
68 74
69 66
70 69
71 90
72 44
73 75
74 61
75 74
76 67
77 89
78 53
79 66
80 78
81 51
82 71
83 88
84 62
85 72
86 85
87 73
88 77
89 93
90 36
91 92
92 100
93 83
94 68
95 97
96 62
97 86
98 65
99 99
100 49
