1 1
2 2
3 3
4 4
5 5
6 6
7 7
8 8
9 9
10 11
11 10
12 17
13 12
14 15
15 13
16 25
17 26
18 29
19 14
20 18
21 20
22 21
23 19
24 27
25 34
26 30
27 28
28 32
29 52
30 16
31 45
32 46
33 60
34 38
35 24
36 31
37 79
38 23
39 61
40 58
41 35
42 42
43 37
44 39
45 33
46 40
47 51
48 47
49 36
50 73
51 55
52 44
53 22
54 48
55 62
56 68
57 50
58 67
59 74
60 70
61 75
62 59
63 77
64 63
65 80
66 98
67 85
68 97
69 81
70 92
71 87
72 93
73 89
74 49
75 43
76 69
77 82
78 66
79 99
80 78
81 72
82 54
83 91
84 76
85 56
86 64
87 65
88 88
89 90
90 95
91 53
92 100
93 86
94 96
95 83
96 84
97 57
98 94
99 41
100 71
