1 1
2 1
3 3
4 5
5 6
6 6
7 7
8 7
9 9
10 9
11 12
12 10
13 18
14 13
15 26
16 28
17 24
18 22
19 18
20 16
21 30
22 30
23 32
24 39
25 30
26 39
27 41
28 43
29 20
30 42
31 25
32 28
33 37
34 32
35 35
36 46
37 40
38 38
39 49
40 66
41 31
42 41
43 55
44 42
45 56
46 47
47 62
48 61
49 25
50 27
51 75
52 66
53 35
54 26
55 39
56 51
57 54
58 77
59 58
60 89
61 39
62 42
63 100
64 98
65 50
66 100
67 41
68 40
69 70
70 74
71 66
72 69
73 90
74 44
75 75
76 61
77 74
78 67
79 89
80 53
81 66
82 78
83 51
84 71
85 88
86 80
87 72
88 85
89 73
90 77
91 93
92 36
93 92
94 100
95 83
96 68
97 97
98 62
99 86
100 65
