1 1
2 2
3 3
4 4
5 5
6 6
7 7
8 8
9 9
10 10
11 11
12 12
13 13
14 17
15 14
16 15
17 19
18 25
19 26
20 29
21 16
22 18
23 20
24 21
25 23
26 27
27 34
28 30
29 28
30 32
31 52
32 22
33 45
34 46
35 60
36 38
37 24
38 31
39 79
40 71
41 61
42 58
43 35
44 42
45 37
46 39
47 33
48 40
49 51
50 47
51 36
52 73
53 55
54 44
55 41
56 48
57 62
58 68
59 50
60 67
61 74
62 70
63 75
64 59
65 77
66 63
67 80
68 98
69 85
70 97
71 81
72 92
73 87
74 93
75 89
76 49
77 43
78 69
79 82
80 66
81 99
82 78
83 72
84 54
85 91
86 76
87 56
88 64
89 65
90 88
91 90
92 95
93 53
94 100
95 86
96 96
97 83
98 84
99 57
100 94
