1 1
2 2
3 3
4 4
5 5
6 6
7 7
8 8
9 9
10 10
11 11
12 12
13 14
14 13
15 17
16 16
17 15
18 19
19 25
20 26
21 29
22 22
23 18
24 20
25 21
26 23
27 27
28 34
29 30
30 28
31 32
32 52
33 41
34 45
35 46
36 60
37 38
38 24
39 31
40 79
41 71
42 61
43 58
44 35
45 42
46 37
47 39
48 33
49 40
50 51
51 47
52 36
53 73
54 55
55 44
56 94
57 48
58 62
59 68
60 50
61 67
62 74
63 70
64 75
65 59
66 77
67 63
68 80
69 98
70 85
71 97
72 81
73 92
74 87
75 93
76 89
77 49
78 43
79 69
80 82
81 66
82 99
83 78
84 72
85 54
86 91
87 76
88 56
89 64
90 65
91 88
92 90
93 95
94 53
95 100
96 86
97 96
98 83
99 84
100 57
