1 1
2 1
3 3
4 5
5 6
6 6
7 7
8 7
9 9
10 10
11 12
12 13
13 13
14 16
15 26
16 18
17 18
18 30
19 28
20 24
21 22
22 20
23 25
24 32
25 30
26 32
27 39
28 30
29 39
30 41
31 43
32 25
33 42
34 26
35 28
36 37
37 58
38 35
39 46
40 40
41 38
42 49
43 66
44 31
45 41
46 55
47 42
48 56
49 47
50 62
51 61
52 73
53 27
54 75
55 66
56 35
57 65
58 39
59 51
60 54
61 77
62 99
63 89
64 39
65 42
66 100
67 98
68 50
69 100
70 41
71 40
72 70
73 74
74 66
75 69
76 90
77 44
78 75
79 61
80 74
81 67
82 89
83 53
84 66
85 78
86 51
87 71
88 88
89 80
90 72
91 85
92 86
93 77
94 93
95 36
96 92
97 100
98 83
99 68
100 97
