1 1
2 1
3 3
4 5
5 6
6 6
7 7
8 7
9 9
10 10
11 12
12 13
13 16
14 16
15 18
16 26
17 22
18 18
19 30
20 28
21 24
22 41
23 20
24 25
25 32
26 30
27 32
28 39
29 30
30 39
31 47
32 43
33 25
34 42
35 26
36 28
37 37
38 58
39 35
40 46
41 40
42 38
43 49
44 66
45 31
46 41
47 55
48 42
49 56
50 51
51 62
52 61
53 73
54 27
55 75
56 66
57 35
58 65
59 39
60 51
61 54
62 77
63 99
64 89
65 39
66 42
67 100
68 98
69 50
70 100
71 41
72 40
73 70
74 74
75 66
76 69
77 90
78 44
79 75
80 61
81 74
82 67
83 89
84 53
85 66
86 78
87 62
88 71
89 88
90 80
91 72
92 85
93 86
94 77
95 93
96 36
97 92
98 100
99 83
100 68
