1 1
2 1
3 3
4 5
5 6
6 6
7 7
8 7
9 9
10 10
11 12
12 13
13 16
14 18
15 18
16 18
17 26
18 22
19 20
20 30
21 28
22 24
23 41
24 25
25 25
26 32
27 30
28 32
29 39
30 30
31 39
32 47
33 43
34 27
35 42
36 26
37 28
38 37
39 58
40 35
41 46
42 40
43 38
44 49
45 66
46 31
47 41
48 55
49 42
50 56
51 51
52 62
53 61
54 73
55 36
56 75
57 66
58 35
59 65
60 39
61 51
62 54
63 77
64 99
65 89
66 39
67 42
68 100
69 98
70 50
71 100
72 41
73 40
74 70
75 74
76 66
77 69
78 90
79 44
80 75
81 61
82 74
83 67
84 89
85 53
86 66
87 78
88 62
89 71
90 88
91 80
92 72
93 85
94 86
95 77
96 93
97 97
98 92
99 100
100 83
