1 1
2 2
3 3
4 4
5 5
6 6
7 7
8 8
9 9
10 10
11 11
12 12
13 13
14 14
15 15
16 16
17 17
18 18
19 25
20 22
21 20
22 19
23 27
24 26
25 29
26 41
27 46
28 24
29 21
30 23
31 35
32 34
33 30
34 28
35 32
36 52
37 44
38 45
39 50
40 60
41 38
42 59
43 31
44 79
45 71
46 61
47 58
48 43
49 42
50 37
51 39
52 33
53 40
54 51
55 47
56 36
57 73
58 55
59 84
60 94
61 48
62 62
63 68
64 57
65 67
66 74
67 70
68 75
69 83
70 77
71 63
72 80
73 98
74 85
75 97
76 81
77 92
78 87
79 93
80 89
81 49
82 96
83 69
84 82
85 66
86 99
87 78
88 72
89 54
90 91
91 76
92 56
93 64
94 65
95 88
96 90
97 95
98 53
99 100
100 86
