1 1
2 1
3 3
4 5
5 6
6 6
7 7
8 7
9 9
10 10
11 12
12 13
13 16
14 18
15 18
16 20
17 20
18 22
19 26
20 24
21 25
22 30
23 28
24 30
25 41
26 27
27 25
28 32
29 30
30 32
31 39
32 31
33 39
34 47
35 43
36 36
37 42
38 26
39 28
40 37
41 58
42 35
43 46
44 40
45 38
46 49
47 66
48 44
49 41
50 55
51 42
52 56
53 51
54 62
55 61
56 73
57 68
58 75
59 66
60 35
61 65
62 39
63 51
64 54
65 77
66 99
67 89
68 39
69 42
70 100
71 98
72 50
73 100
74 41
75 40
76 70
77 74
78 66
79 69
80 90
81 83
82 75
83 61
84 74
85 67
86 89
87 53
88 66
89 78
90 62
91 71
92 88
93 80
94 72
95 85
96 86
97 77
98 93
99 97
100 92
