1 1
2 2
3 3
4 4
5 5
6 6
7 7
8 8
9 9
10 10
11 11
12 12
13 13
14 14
15 15
16 16
17 17
18 18
19 22
20 19
21 25
22 29
23 20
24 21
25 27
26 26
27 32
28 41
29 46
30 24
31 31
32 23
33 35
34 34
35 30
36 28
37 36
38 52
39 44
40 45
41 50
42 60
43 38
44 59
45 63
46 79
47 71
48 61
49 58
50 43
51 42
52 37
53 39
54 33
55 40
56 51
57 47
58 53
59 73
60 55
61 84
62 94
63 48
64 62
65 68
66 57
67 67
68 74
69 70
70 75
71 83
72 77
73 100
74 80
75 98
76 85
77 97
78 81
79 92
80 87
81 93
82 89
83 49
84 96
85 69
86 82
87 66
88 99
89 78
90 72
91 54
92 91
93 76
94 56
95 64
96 65
97 88
98 90
99 95
100 86
