1 1
2 2
3 3
4 4
5 5
6 6
7 7
8 8
9 9
10 10
11 11
12 12
13 13
14 14
15 15
16 16
17 17
18 18
19 19
20 22
21 20
22 25
23 29
24 24
25 21
26 27
27 26
28 32
29 41
30 46
31 38
32 31
33 23
34 35
35 34
36 30
37 28
38 36
39 52
40 44
41 45
42 50
43 60
44 70
45 59
46 63
47 79
48 71
49 61
50 58
51 43
52 42
53 37
54 39
55 33
56 40
57 51
58 47
59 53
60 73
61 55
62 84
63 94
64 48
65 62
66 68
67 57
68 67
69 74
70 86
71 75
72 83
73 77
74 100
75 80
76 98
77 85
78 97
79 81
80 92
81 87
82 93
83 89
84 49
85 96
86 69
87 82
88 66
89 99
90 78
91 72
92 54
93 91
94 76
95 56
96 64
97 65
98 88
99 90
100 95
