1 1
2 1
3 3
4 5
5 6
6 6
7 7
8 7
9 9
10 10
11 12
12 13
13 16
14 18
15 18
16 20
17 22
18 24
19 25
20 25
21 25
22 26
23 30
24 26
25 30
26 28
27 31
28 41
29 27
30 28
31 32
32 30
33 32
34 39
35 41
36 39
37 47
38 43
39 36
40 42
41 35
42 39
43 37
44 58
45 35
46 46
47 40
48 38
49 49
50 66
51 44
52 61
53 55
54 42
55 56
56 51
57 62
58 61
59 73
60 68
61 75
62 66
63 92
64 65
65 97
66 51
67 54
68 77
69 99
70 89
71 39
72 42
73 100
74 98
75 50
76 100
77 41
78 40
79 70
80 74
81 66
82 69
83 90
84 83
85 75
86 100
87 74
88 67
89 89
90 53
91 66
92 78
93 62
94 71
95 88
96 80
97 72
98 85
99 86
100 77
