1 1
2 1
3 3
4 5
5 6
6 6
7 7
8 7
9 9
10 10
11 12
12 13
13 16
14 18
15 18
16 20
17 22
18 24
19 25
20 25
21 25
22 26
23 26
24 30
25 27
26 30
27 28
28 31
29 41
30 36
31 28
32 32
33 30
34 32
35 39
36 41
37 39
38 47
39 43
40 68
41 42
42 35
43 39
44 37
45 58
46 35
47 46
48 40
49 38
50 49
51 66
52 44
53 61
54 55
55 42
56 56
57 51
58 62
59 61
60 73
61 93
62 75
63 66
64 92
65 65
66 97
67 51
68 54
69 77
70 99
71 89
72 39
73 42
74 100
75 98
76 50
77 100
78 41
79 40
80 70
81 74
82 66
83 69
84 90
85 83
86 75
87 100
88 74
89 67
90 89
91 53
92 66
93 78
94 62
95 71
96 88
97 80
98 72
99 85
100 86
