1 1
2 1
3 3
4 5
5 6
6 6
7 7
8 7
9 9
10 10
11 12
12 13
13 16
14 18
15 18
16 20
17 22
18 24
19 25
20 25
21 26
22 26
23 27
24 26
25 30
26 28
27 30
28 28
29 31
30 41
31 36
32 35
33 32
34 30
35 32
36 39
37 41
38 39
39 47
40 43
41 68
42 42
43 65
44 39
45 37
46 58
47 35
48 46
49 40
50 38
51 49
52 66
53 44
54 61
55 55
56 42
57 56
58 51
59 62
60 61
61 73
62 93
63 75
64 66
65 92
66 77
67 97
68 51
69 54
70 77
71 99
72 89
73 39
74 42
75 100
76 98
77 50
78 100
79 41
80 40
81 70
82 74
83 66
84 69
85 90
86 83
87 75
88 100
89 74
90 67
91 89
92 53
93 66
94 78
95 62
96 71
97 88
98 80
99 72
100 85
