1 1
2 1
3 3
4 5
5 6
6 6
7 7
8 7
9 9
10 10
11 12
12 13
13 16
14 18
15 18
16 20
17 22
18 24
19 25
20 25
21 26
22 26
23 26
24 27
25 28
26 30
27 28
28 30
29 32
30 31
31 41
32 36
33 35
34 32
35 30
36 38
37 39
38 41
39 39
40 47
41 43
42 68
43 42
44 65
45 39
46 37
47 58
48 35
49 46
50 40
51 40
52 49
53 66
54 44
55 61
56 55
57 42
58 56
59 51
60 62
61 61
62 73
63 93
64 75
65 66
66 92
67 77
68 97
69 51
70 54
71 77
72 99
73 89
74 39
75 42
76 100
77 98
78 50
79 100
80 41
81 86
82 70
83 74
84 66
85 69
86 90
87 83
88 75
89 100
90 74
91 67
92 89
93 53
94 66
95 78
96 62
97 71
98 88
99 80
100 72
