1 1
2 2
3 3
4 4
5 5
6 6
7 7
8 8
9 9
10 10
11 11
12 12
13 13
14 14
15 15
16 16
17 17
18 18
19 19
20 20
21 21
22 22
23 23
24 24
25 25
26 31
27 26
28 29
29 38
30 61
31 27
32 28
33 32
34 41
35 46
36 59
37 63
38 64
39 35
40 34
41 30
42 40
43 36
44 52
45 44
46 45
47 50
48 60
49 70
50 65
51 80
52 79
53 71
54 87
55 58
56 43
57 42
58 37
59 39
60 33
61 56
62 51
63 47
64 53
65 73
66 55
67 84
68 94
69 48
70 62
71 68
72 57
73 67
74 74
75 86
76 75
77 83
78 77
79 100
80 90
81 98
82 85
83 97
84 81
85 92
86 95
87 93
88 89
89 49
90 96
91 69
92 82
93 66
94 99
95 78
96 72
97 54
98 91
99 76
100 88
