1 1
2 2
3 3
4 4
5 5
6 6
7 7
8 8
9 9
10 10
11 11
12 12
13 13
14 14
15 15
16 16
17 17
18 18
19 19
20 20
21 21
22 22
23 23
24 24
25 25
26 26
27 31
28 27
29 29
30 38
31 61
32 34
33 28
34 32
35 41
36 46
37 59
38 63
39 64
40 35
41 37
42 30
43 40
44 36
45 52
46 44
47 45
48 50
49 60
50 70
51 65
52 80
53 79
54 71
55 87
56 58
57 43
58 42
59 66
60 39
61 33
62 56
63 51
64 47
65 53
66 73
67 55
68 84
69 94
70 48
71 62
72 68
73 57
74 67
75 74
76 86
77 75
78 83
79 77
80 100
81 90
82 98
83 85
84 97
85 81
86 92
87 95
88 93
89 89
90 49
91 96
92 69
93 82
94 88
95 99
96 78
97 72
98 54
99 91
100 76
