1 1
2 2
3 3
4 4
5 5
6 6
7 7
8 8
9 9
10 10
11 11
12 12
13 13
14 14
15 15
16 16
17 17
18 18
19 19
20 20
21 21
22 22
23 23
24 24
25 25
26 26
27 27
28 31
29 28
30 29
31 38
32 61
33 34
34 30
35 32
36 41
37 46
38 59
39 63
40 64
41 35
42 37
43 33
44 40
45 36
46 52
47 44
48 45
49 50
50 60
51 70
52 65
53 80
54 79
55 71
56 87
57 58
58 43
59 42
60 66
61 39
62 54
63 56
64 51
65 47
66 53
67 73
68 55
69 84
70 94
71 48
72 62
73 68
74 57
75 67
76 74
77 86
78 75
79 83
80 77
81 100
82 90
83 98
84 85
85 97
86 81
87 92
88 95
89 93
90 89
91 49
92 96
93 69
94 82
95 88
96 99
97 78
98 72
99 76
100 91
