1 1
2 1
3 3
4 5
5 6
6 6
7 7
8 7
9 9
10 10
11 12
12 13
13 16
14 18
15 18
16 20
17 22
18 24
19 25
20 25
21 26
22 26
23 27
24 28
25 28
26 30
27 30
28 31
29 30
30 39
31 35
32 30
33 32
34 41
35 41
36 36
37 39
38 32
39 35
40 38
41 39
42 44
43 42
44 47
45 43
46 68
47 42
48 65
49 51
50 37
51 58
52 39
53 46
54 40
55 40
56 49
57 66
58 83
59 61
60 55
61 53
62 56
63 51
64 62
65 61
66 73
67 93
68 75
69 66
70 92
71 77
72 97
73 85
74 54
75 77
76 99
77 89
78 80
79 42
80 100
81 98
82 50
83 100
84 41
85 86
86 70
87 74
88 66
89 69
90 90
91 88
92 75
93 100
94 74
95 67
96 89
97 72
98 66
99 78
100 62
