1 1
2 1
3 3
4 5
5 6
6 6
7 7
8 7
9 9
10 10
11 12
12 13
13 16
14 18
15 18
16 20
17 22
18 24
19 25
20 25
21 26
22 26
23 27
24 28
25 28
26 30
27 30
28 30
29 31
30 30
31 39
32 35
33 32
34 32
35 41
36 41
37 36
38 39
39 37
40 35
41 38
42 39
43 44
44 42
45 47
46 43
47 68
48 42
49 65
50 51
51 54
52 58
53 39
54 46
55 40
56 40
57 49
58 66
59 83
60 61
61 55
62 53
63 56
64 51
65 62
66 61
67 73
68 93
69 75
70 66
71 92
72 77
73 97
74 85
75 71
76 77
77 99
78 89
79 80
80 42
81 100
82 98
83 50
84 100
85 41
86 86
87 70
88 74
89 66
90 69
91 90
92 88
93 75
94 100
95 74
96 67
97 89
98 72
99 66
100 78
