1 1
2 2
3 3
4 4
5 5
6 6
7 7
8 8
9 9
10 10
11 11
12 12
13 13
14 14
15 15
16 16
17 17
18 18
19 19
20 20
21 21
22 22
23 23
24 24
25 25
26 26
27 27
28 28
29 29
30 30
31 31
32 33
33 32
34 38
35 61
36 34
37 39
38 36
39 41
40 46
41 59
42 63
43 64
44 35
45 37
46 54
47 40
48 47
49 52
50 44
51 45
52 50
53 60
54 70
55 65
56 80
57 79
58 71
59 87
60 58
61 43
62 42
63 66
64 72
65 91
66 56
67 51
68 76
69 53
70 73
71 55
72 84
73 94
74 48
75 62
76 68
77 57
78 67
79 74
80 86
81 75
82 83
83 77
84 100
85 90
86 98
87 85
88 97
89 81
90 92
91 95
92 93
93 89
94 49
95 96
96 69
97 82
98 88
99 99
100 78
