1 1
2 2
3 3
4 4
5 5
6 6
7 7
8 8
9 9
10 10
11 11
12 12
13 13
14 14
15 15
16 16
17 17
18 18
19 19
20 20
21 21
22 22
23 23
24 24
25 25
26 26
27 27
28 28
29 29
30 30
31 32
32 31
33 33
34 36
35 38
36 61
37 34
38 39
39 47
40 41
41 46
42 59
43 63
44 64
45 35
46 37
47 54
48 40
49 53
50 52
51 44
52 45
53 50
54 60
55 70
56 65
57 80
58 79
59 71
60 87
61 58
62 43
63 42
64 66
65 72
66 91
67 56
68 51
69 76
70 78
71 73
72 55
73 84
74 94
75 48
76 62
77 68
78 57
79 67
80 74
81 86
82 75
83 83
84 77
85 100
86 90
87 98
88 85
89 97
90 81
91 92
92 95
93 93
94 89
95 49
96 96
97 69
98 82
99 88
100 99
