1 1
2 1
3 3
4 5
5 6
6 6
7 7
8 7
9 9
10 10
11 12
12 13
13 16
14 18
15 18
16 20
17 22
18 24
19 25
20 25
21 26
22 26
23 27
24 28
25 28
26 30
27 30
28 30
29 31
30 32
31 32
32 35
33 32
34 39
35 36
36 35
37 38
38 41
39 41
40 42
41 39
42 37
43 39
44 40
45 39
46 44
47 42
48 47
49 43
50 68
51 66
52 65
53 51
54 54
55 58
56 42
57 46
58 50
59 40
60 49
61 66
62 83
63 61
64 55
65 53
66 56
67 51
68 62
69 61
70 73
71 93
72 75
73 78
74 92
75 77
76 97
77 85
78 71
79 77
80 99
81 89
82 80
83 62
84 100
85 98
86 66
87 100
88 41
89 86
90 70
91 74
92 66
93 69
94 90
95 88
96 75
97 100
98 74
99 67
100 89
