1 1
2 1
3 3
4 5
5 6
6 6
7 7
8 7
9 9
10 10
11 12
12 13
13 16
14 18
15 18
16 20
17 22
18 24
19 25
20 25
21 26
22 26
23 27
24 28
25 28
26 30
27 30
28 30
29 31
30 32
31 32
32 32
33 35
34 35
35 39
36 36
37 37
38 38
39 41
40 41
41 42
42 39
43 54
44 39
45 40
46 39
47 44
48 42
49 47
50 43
51 68
52 66
53 65
54 51
55 71
56 58
57 42
58 46
59 50
60 40
61 49
62 66
63 83
64 61
65 55
66 53
67 56
68 51
69 62
70 61
71 73
72 93
73 75
74 78
75 92
76 77
77 97
78 85
79 72
80 77
81 99
82 89
83 80
84 62
85 100
86 98
87 66
88 100
89 41
90 86
91 70
92 74
93 66
94 69
95 90
96 88
97 75
98 100
99 74
100 67
