1 1
2 2
3 3
4 4
5 5
6 6
7 7
8 8
9 9
10 10
11 11
12 12
13 13
14 14
15 15
16 16
17 17
18 18
19 19
20 20
21 21
22 22
23 23
24 24
25 25
26 26
27 27
28 28
29 29
30 30
31 31
32 32
33 33
34 34
35 38
36 35
37 36
38 46
39 61
40 37
41 39
42 47
43 41
44 50
45 59
46 63
47 64
48 43
49 42
50 54
51 40
52 53
53 52
54 44
55 45
56 57
57 60
58 70
59 65
60 80
61 79
62 71
63 87
64 58
65 49
66 69
67 66
68 72
69 91
70 56
71 51
72 76
73 78
74 73
75 55
76 84
77 94
78 48
79 62
80 68
81 99
82 67
83 74
84 86
85 75
86 83
87 77
88 100
89 90
90 98
91 85
92 97
93 81
94 92
95 95
96 93
97 89
98 88
99 96
100 82
