1 1
2 2
3 3
4 4
5 5
6 6
7 7
8 8
9 9
10 10
11 11
12 12
13 13
14 14
15 15
16 16
17 17
18 18
19 19
20 20
21 21
22 22
23 23
24 24
25 25
26 26
27 27
28 28
29 29
30 30
31 31
32 32
33 33
34 34
35 35
36 38
37 37
38 36
39 46
40 61
41 42
42 39
43 47
44 41
45 50
46 59
47 63
48 64
49 43
50 66
51 54
52 40
53 53
54 52
55 44
56 45
57 57
58 60
59 70
60 65
61 80
62 79
63 71
64 87
65 58
66 49
67 69
68 82
69 72
70 91
71 56
72 51
73 76
74 78
75 73
76 55
77 84
78 94
79 48
80 62
81 68
82 99
83 67
84 74
85 86
86 75
87 83
88 77
89 100
90 90
91 98
92 85
93 97
94 81
95 92
96 95
97 93
98 89
99 88
100 96
