1 1
2 1
3 3
4 5
5 6
6 6
7 7
8 7
9 9
10 10
11 12
12 13
13 16
14 18
15 18
16 20
17 22
18 24
19 25
20 25
21 26
22 26
23 27
24 28
25 28
26 30
27 30
28 30
29 31
30 32
31 32
32 35
33 35
34 36
35 36
36 39
37 37
38 41
39 39
40 39
41 38
42 42
43 41
44 42
45 51
46 54
47 42
48 40
49 39
50 44
51 53
52 47
53 43
54 68
55 66
56 65
57 85
58 71
59 58
60 62
61 46
62 50
63 40
64 49
65 66
66 83
67 61
68 55
69 74
70 56
71 51
72 62
73 61
74 73
75 93
76 75
77 78
78 92
79 77
80 97
81 89
82 72
83 77
84 99
85 89
86 80
87 67
88 100
89 98
90 66
91 100
92 41
93 86
94 70
95 74
96 66
97 69
98 90
99 88
100 75
