1 1
2 2
3 3
4 4
5 5
6 6
7 7
8 8
9 9
10 10
11 11
12 12
13 13
14 14
15 15
16 16
17 17
18 18
19 19
20 20
21 21
22 22
23 23
24 24
25 25
26 26
27 27
28 28
29 29
30 30
31 31
32 32
33 33
34 34
35 35
36 36
37 37
38 38
39 39
40 41
41 46
42 61
43 42
44 40
45 47
46 44
47 50
48 59
49 63
50 64
51 43
52 66
53 54
54 51
55 53
56 52
57 84
58 45
59 57
60 60
61 70
62 65
63 80
64 79
65 71
66 87
67 58
68 49
69 69
70 82
71 72
72 91
73 56
74 88
75 76
76 78
77 73
78 55
79 96
80 94
81 48
82 62
83 68
84 99
85 67
86 74
87 86
88 75
89 83
90 77
91 100
92 90
93 98
94 85
95 97
96 81
97 92
98 95
99 93
100 89
