1 1
2 2
3 3
4 4
5 5
6 6
7 7
8 8
9 9
10 10
11 11
12 12
13 13
14 14
15 15
16 16
17 17
18 18
19 19
20 20
21 21
22 22
23 23
24 24
25 25
26 26
27 27
28 28
29 29
30 30
31 31
32 32
33 33
34 34
35 35
36 36
37 37
38 39
39 38
40 40
41 41
42 46
43 61
44 42
45 51
46 47
47 44
48 50
49 59
50 63
51 64
52 43
53 66
54 54
55 56
56 53
57 52
58 84
59 45
60 57
61 60
62 70
63 65
64 80
65 79
66 71
67 87
68 58
69 49
70 69
71 82
72 72
73 91
74 89
75 88
76 76
77 78
78 73
79 55
80 96
81 94
82 48
83 62
84 68
85 99
86 67
87 74
88 86
89 75
90 83
91 77
92 100
93 90
94 98
95 85
96 97
97 81
98 92
99 95
100 93
