1 1
2 2
3 3
4 4
5 5
6 6
7 7
8 8
9 9
10 10
11 11
12 12
13 13
14 14
15 15
16 16
17 17
18 18
19 19
20 20
21 21
22 22
23 23
24 24
25 25
26 26
27 27
28 28
29 29
30 30
31 31
32 32
33 33
34 34
35 35
36 36
37 37
38 38
39 39
40 46
41 40
42 41
43 50
44 61
45 42
46 51
47 47
48 44
49 57
50 59
51 63
52 64
53 43
54 66
55 54
56 56
57 53
58 52
59 84
60 45
61 68
62 60
63 70
64 65
65 80
66 79
67 71
68 87
69 58
70 49
71 69
72 82
73 72
74 91
75 89
76 88
77 76
78 78
79 73
80 55
81 96
82 94
83 48
84 62
85 93
86 99
87 67
88 74
89 86
90 75
91 83
92 77
93 100
94 90
95 98
96 85
97 97
98 81
99 92
100 95
