1 1
2 1
3 3
4 5
5 6
6 6
7 7
8 7
9 9
10 10
11 12
12 13
13 16
14 18
15 18
16 20
17 22
18 24
19 25
20 25
21 26
22 26
23 27
24 28
25 28
26 30
27 30
28 30
29 31
30 32
31 32
32 35
33 35
34 36
35 37
36 38
37 39
38 39
39 39
40 41
41 39
42 41
43 42
44 42
45 39
46 42
47 43
48 66
49 51
50 54
51 46
52 40
53 49
54 44
55 53
56 47
57 61
58 68
59 75
60 65
61 85
62 71
63 58
64 62
65 75
66 50
67 40
68 70
69 66
70 83
71 61
72 55
73 74
74 56
75 51
76 62
77 90
78 73
79 93
80 88
81 78
82 92
83 77
84 97
85 89
86 72
87 77
88 99
89 89
90 80
91 67
92 100
93 98
94 66
95 100
96 41
97 86
98 100
99 74
100 66
