1 1
2 1
3 3
4 5
5 6
6 6
7 7
8 7
9 9
10 10
11 12
12 13
13 16
14 18
15 18
16 20
17 22
18 24
19 25
20 25
21 26
22 26
23 27
24 28
25 28
26 30
27 30
28 30
29 31
30 32
31 32
32 35
33 35
34 36
35 37
36 38
37 39
38 39
39 39
40 39
41 41
42 39
43 41
44 42
45 42
46 40
47 42
48 43
49 66
50 51
51 54
52 46
53 40
54 49
55 44
56 53
57 47
58 61
59 68
60 75
61 65
62 85
63 71
64 58
65 62
66 75
67 50
68 41
69 70
70 66
71 83
72 61
73 55
74 74
75 56
76 51
77 62
78 90
79 73
80 93
81 88
82 78
83 92
84 77
85 97
86 89
87 72
88 77
89 99
90 89
91 80
92 67
93 100
94 98
95 66
96 100
97 69
98 86
99 100
100 74
