1 1
2 2
3 3
4 4
5 5
6 6
7 7
8 8
9 9
10 10
11 11
12 12
13 13
14 14
15 15
16 16
17 17
18 18
19 19
20 20
21 21
22 22
23 23
24 24
25 25
26 26
27 27
28 28
29 29
30 30
31 31
32 32
33 33
34 34
35 35
36 36
37 37
38 38
39 39
40 40
41 41
42 42
43 46
44 43
45 44
46 50
47 61
48 49
49 51
50 47
51 45
52 57
53 59
54 63
55 64
56 58
57 66
58 54
59 56
60 53
61 52
62 84
63 48
64 68
65 60
66 70
67 65
68 80
69 79
70 71
71 87
72 81
73 95
74 69
75 82
76 72
77 91
78 89
79 88
80 76
81 78
82 73
83 55
84 96
85 94
86 92
87 62
88 93
89 99
90 67
91 74
92 86
93 75
94 83
95 77
96 100
97 90
98 98
99 85
100 97
