1 1
2 2
3 3
4 4
5 5
6 6
7 7
8 8
9 9
10 10
11 11
12 12
13 13
14 14
15 15
16 16
17 17
18 18
19 19
20 20
21 21
22 22
23 23
24 24
25 25
26 26
27 27
28 28
29 29
30 30
31 31
32 32
33 33
34 34
35 35
36 36
37 37
38 38
39 39
40 40
41 41
42 42
43 43
44 46
45 49
46 44
47 50
48 61
49 58
50 51
51 47
52 45
53 57
54 59
55 63
56 64
57 81
58 66
59 54
60 56
61 53
62 52
63 84
64 48
65 68
66 60
67 70
68 65
69 80
70 79
71 71
72 87
73 97
74 95
75 69
76 82
77 72
78 91
79 89
80 88
81 76
82 78
83 73
84 55
85 96
86 94
87 92
88 62
89 93
90 99
91 67
92 74
93 86
94 75
95 83
96 77
97 100
98 90
99 98
100 85
