1 1
2 1
3 3
4 5
5 6
6 6
7 7
8 7
9 9
10 10
11 12
12 13
13 16
14 18
15 18
16 20
17 22
18 24
19 25
20 25
21 26
22 26
23 27
24 28
25 28
26 30
27 30
28 30
29 31
30 32
31 32
32 35
33 35
34 36
35 37
36 38
37 39
38 39
39 39
40 39
41 40
42 40
43 40
44 41
45 41
46 41
47 42
48 42
49 49
50 42
51 43
52 66
53 51
54 54
55 46
56 50
57 66
58 44
59 53
60 47
61 61
62 68
63 75
64 65
65 85
66 71
67 58
68 62
69 75
70 66
71 66
72 70
73 100
74 83
75 61
76 55
77 74
78 56
79 51
80 62
81 90
82 73
83 93
84 88
85 78
86 92
87 77
88 97
89 89
90 72
91 77
92 99
93 89
94 80
95 67
96 100
97 98
98 74
99 100
100 69
