1 1
2 1
3 3
4 5
5 6
6 6
7 7
8 7
9 9
10 10
11 12
12 13
13 16
14 18
15 18
16 20
17 22
18 24
19 25
20 25
21 26
22 26
23 27
24 28
25 28
26 30
27 30
28 30
29 31
30 32
31 32
32 35
33 35
34 36
35 37
36 38
37 39
38 39
39 39
40 39
41 40
42 40
43 41
44 41
45 41
46 41
47 42
48 42
49 42
50 49
51 44
52 43
53 66
54 51
55 54
56 46
57 50
58 66
59 61
60 53
61 47
62 61
63 68
64 75
65 65
66 85
67 71
68 58
69 62
70 75
71 66
72 66
73 70
74 100
75 83
76 86
77 55
78 74
79 56
80 51
81 62
82 90
83 73
84 93
85 88
86 78
87 92
88 77
89 97
90 89
91 72
92 77
93 99
94 89
95 80
96 67
97 100
98 98
99 74
100 100
