1 1
2 2
3 3
4 4
5 5
6 6
7 7
8 8
9 9
10 10
11 11
12 12
13 13
14 14
15 15
16 16
17 17
18 18
19 19
20 20
21 21
22 22
23 23
24 24
25 25
26 26
27 27
28 28
29 29
30 30
31 31
32 32
33 33
34 34
35 35
36 36
37 37
38 38
39 39
40 40
41 41
42 42
43 43
44 44
45 45
46 47
47 46
48 49
49 48
50 50
51 61
52 58
53 51
54 52
55 62
56 57
57 59
58 63
59 64
60 81
61 66
62 54
63 56
64 53
65 55
66 84
67 85
68 68
69 60
70 70
71 65
72 80
73 79
74 71
75 87
76 97
77 95
78 69
79 82
80 72
81 91
82 89
83 88
84 76
85 78
86 73
87 98
88 96
89 94
90 92
91 90
92 93
93 99
94 67
95 74
96 86
97 75
98 83
99 77
100 100
