1 1
2 2
3 3
4 4
5 5
6 6
7 7
8 8
9 9
10 10
11 11
12 12
13 13
14 14
15 15
16 16
17 17
18 18
19 19
20 20
21 21
22 22
23 23
24 24
25 25
26 26
27 27
28 28
29 29
30 30
31 31
32 32
33 33
34 34
35 35
36 36
37 37
38 38
39 39
40 40
41 41
42 42
43 43
44 44
45 45
46 46
47 47
48 50
49 49
50 48
51 57
52 61
53 58
54 51
55 52
56 62
57 60
58 59
59 63
60 64
61 81
62 66
63 54
64 56
65 53
66 55
67 84
68 85
69 68
70 67
71 70
72 65
73 80
74 79
75 71
76 87
77 97
78 95
79 69
80 82
81 72
82 91
83 89
84 88
85 76
86 78
87 73
88 98
89 96
90 94
91 92
92 90
93 93
94 99
95 100
96 74
97 86
98 75
99 83
100 77
