1 1
2 2
3 3
4 4
5 5
6 6
7 7
8 8
9 9
10 10
11 11
12 12
13 13
14 14
15 15
16 16
17 17
18 18
19 19
20 20
21 21
22 22
23 23
24 24
25 25
26 26
27 27
28 28
29 29
30 30
31 31
32 32
33 33
34 34
35 35
36 36
37 37
38 38
39 39
40 40
41 41
42 42
43 43
44 44
45 45
46 46
47 47
48 48
49 50
50 49
51 52
52 57
53 61
54 58
55 51
56 53
57 62
58 60
59 59
60 63
61 64
62 81
63 66
64 54
65 56
66 76
67 55
68 84
69 85
70 68
71 67
72 70
73 65
74 80
75 79
76 71
77 87
78 97
79 95
80 69
81 82
82 72
83 91
84 89
85 88
86 77
87 78
88 73
89 98
90 96
91 94
92 92
93 90
94 93
95 99
96 100
97 74
98 86
99 75
100 83
