1 1
2 2
3 3
4 4
5 5
6 6
7 7
8 8
9 9
10 10
11 11
12 12
13 13
14 14
15 15
16 16
17 17
18 18
19 19
20 20
21 21
22 22
23 23
24 24
25 25
26 26
27 27
28 28
29 29
30 30
31 31
32 32
33 33
34 34
35 35
36 36
37 37
38 38
39 39
40 40
41 41
42 42
43 43
44 44
45 45
46 46
47 47
48 48
49 49
50 50
51 51
52 52
53 57
54 61
55 58
56 54
57 53
58 62
59 60
60 59
61 63
62 64
63 81
64 66
65 72
66 56
67 76
68 55
69 84
70 85
71 68
72 67
73 70
74 65
75 80
76 79
77 71
78 87
79 97
80 95
81 69
82 82
83 83
84 91
85 89
86 88
87 77
88 78
89 73
90 98
91 96
92 94
93 92
94 90
95 93
96 99
97 100
98 74
99 86
100 75
