1 1
2 1
3 3
4 5
5 6
6 6
7 7
8 7
9 9
10 10
11 12
12 13
13 16
14 18
15 18
16 20
17 22
18 24
19 25
20 25
21 26
22 26
23 27
24 28
25 28
26 30
27 30
28 30
29 31
30 32
31 32
32 35
33 35
34 36
35 37
36 38
37 39
38 39
39 39
40 39
41 40
42 40
43 41
44 41
45 41
46 42
47 42
48 42
49 42
50 43
51 46
52 44
53 51
54 54
55 49
56 53
57 47
58 66
59 65
60 58
61 62
62 50
63 66
64 61
65 55
66 51
67 61
68 68
69 75
70 74
71 85
72 71
73 89
74 67
75 75
76 66
77 66
78 70
79 100
80 83
81 86
82 98
83 74
84 56
85 69
86 62
87 90
88 73
89 93
90 88
91 78
92 92
93 77
94 97
95 89
96 72
97 77
98 99
99 100
100 80
