1 1
2 1
3 3
4 5
5 6
6 6
7 7
8 7
9 9
10 10
11 12
12 13
13 16
14 18
15 18
16 20
17 22
18 24
19 25
20 25
21 26
22 26
23 27
24 28
25 28
26 30
27 30
28 30
29 31
30 32
31 32
32 35
33 35
34 36
35 37
36 38
37 39
38 39
39 39
40 39
41 40
42 40
43 41
44 41
45 41
46 42
47 42
48 42
49 43
50 43
51 44
52 46
53 47
54 51
55 54
56 49
57 53
58 51
59 66
60 65
61 58
62 62
63 50
64 66
65 61
66 55
67 56
68 61
69 68
70 75
71 74
72 85
73 71
74 89
75 67
76 75
77 66
78 66
79 70
80 100
81 83
82 86
83 98
84 74
85 100
86 69
87 62
88 90
89 73
90 93
91 88
92 78
93 92
94 77
95 97
96 89
97 72
98 77
99 99
100 100
