1 1
2 2
3 3
4 4
5 5
6 6
7 7
8 8
9 9
10 10
11 11
12 12
13 13
14 14
15 15
16 16
17 17
18 18
19 19
20 20
21 21
22 22
23 23
24 24
25 25
26 26
27 27
28 28
29 29
30 30
31 31
32 32
33 33
34 34
35 35
36 36
37 37
38 38
39 39
40 40
41 41
42 42
43 43
44 44
45 45
46 46
47 47
48 48
49 49
50 50
51 51
52 52
53 57
54 54
55 53
56 59
57 61
58 58
59 56
60 55
61 62
62 60
63 65
64 63
65 64
66 81
67 66
68 72
69 75
70 76
71 73
72 84
73 85
74 68
75 67
76 70
77 86
78 80
79 79
80 71
81 87
82 97
83 95
84 69
85 82
86 83
87 91
88 89
89 88
90 77
91 78
92 74
93 98
94 96
95 94
96 92
97 90
98 93
99 99
100 100
