1 1
2 1
3 3
4 5
5 6
6 6
7 7
8 7
9 9
10 10
11 12
12 13
13 16
14 18
15 18
16 20
17 22
18 24
19 25
20 25
21 26
22 26
23 27
24 28
25 28
26 30
27 30
28 30
29 31
30 32
31 32
32 35
33 35
34 36
35 37
36 38
37 39
38 39
39 39
40 39
41 40
42 40
43 41
44 41
45 41
46 42
47 42
48 42
49 43
50 44
51 46
52 46
53 47
54 49
55 51
56 51
57 54
58 50
59 53
60 56
61 66
62 65
63 58
64 62
65 66
66 66
67 61
68 55
69 69
70 61
71 68
72 75
73 74
74 85
75 71
76 89
77 67
78 75
79 100
80 66
81 70
82 100
83 83
84 86
85 98
86 74
87 100
88 80
89 62
90 90
91 73
92 93
93 88
94 78
95 92
96 77
97 97
98 89
99 72
100 77
