1 1
2 2
3 3
4 4
5 5
6 6
7 7
8 8
9 9
10 10
11 11
12 12
13 13
14 14
15 15
16 16
17 17
18 18
19 19
20 20
21 21
22 22
23 23
24 24
25 25
26 26
27 27
28 28
29 29
30 30
31 31
32 32
33 33
34 34
35 35
36 36
37 37
38 38
39 39
40 40
41 41
42 42
43 43
44 44
45 45
46 46
47 47
48 48
49 49
50 50
51 51
52 52
53 53
54 54
55 57
56 56
57 55
58 59
59 61
60 58
61 72
62 73
63 62
64 60
65 65
66 63
67 64
68 81
69 66
70 83
71 75
72 76
73 74
74 84
75 85
76 68
77 67
78 70
79 86
80 80
81 79
82 71
83 87
84 97
85 95
86 69
87 82
88 99
89 91
90 89
91 88
92 77
93 78
94 100
95 98
96 96
97 94
98 92
99 90
100 93
