1 1
2 1
3 3
4 5
5 6
6 6
7 7
8 7
9 9
10 10
11 12
12 13
13 16
14 18
15 18
16 20
17 22
18 24
19 25
20 25
21 26
22 26
23 27
24 28
25 28
26 30
27 30
28 30
29 31
30 32
31 32
32 35
33 35
34 36
35 37
36 38
37 39
38 39
39 39
40 39
41 40
42 40
43 41
44 41
45 41
46 42
47 42
48 42
49 43
50 44
51 46
52 47
53 49
54 49
55 51
56 50
57 53
58 51
59 54
60 66
61 55
62 56
63 66
64 65
65 58
66 62
67 66
68 66
69 61
70 74
71 69
72 61
73 68
74 75
75 74
76 85
77 71
78 89
79 67
80 75
81 100
82 77
83 70
84 100
85 83
86 86
87 98
88 99
89 100
90 80
91 62
92 90
93 73
94 93
95 88
96 78
97 92
98 77
99 97
100 89
