1 1
2 1
3 3
4 5
5 6
6 6
7 7
8 7
9 9
10 10
11 12
12 13
13 16
14 18
15 18
16 20
17 22
18 24
19 25
20 25
21 26
22 26
23 27
24 28
25 28
26 30
27 30
28 30
29 31
30 32
31 32
32 35
33 35
34 36
35 37
36 38
37 39
38 39
39 39
40 39
41 40
42 40
43 41
44 41
45 41
46 42
47 42
48 42
49 43
50 44
51 46
52 47
53 49
54 50
55 50
56 51
57 54
58 53
59 51
60 58
61 66
62 55
63 56
64 66
65 65
66 71
67 62
68 66
69 66
70 61
71 74
72 69
73 61
74 68
75 75
76 74
77 85
78 72
79 89
80 67
81 75
82 100
83 77
84 70
85 100
86 83
87 86
88 98
89 99
90 100
91 80
92 62
93 90
94 73
95 93
96 88
97 78
98 92
99 77
100 97
