1 1
2 1
3 3
4 5
5 6
6 6
7 7
8 7
9 9
10 10
11 12
12 13
13 16
14 18
15 18
16 20
17 22
18 24
19 25
20 25
21 26
22 26
23 27
24 28
25 28
26 30
27 30
28 30
29 31
30 32
31 32
32 35
33 35
34 36
35 37
36 38
37 39
38 39
39 39
40 39
41 40
42 40
43 41
44 41
45 41
46 42
47 42
48 42
49 43
50 44
51 46
52 47
53 49
54 50
55 51
56 51
57 51
58 54
59 53
60 65
61 58
62 66
63 55
64 56
65 66
66 74
67 71
68 62
69 66
70 66
71 61
72 74
73 69
74 61
75 68
76 75
77 77
78 85
79 72
80 89
81 67
82 75
83 100
84 77
85 70
86 100
87 83
88 86
89 98
90 99
91 100
92 80
93 62
94 90
95 73
96 93
97 88
98 78
99 92
100 89
