1 1
2 1
3 3
4 5
5 6
6 6
7 7
8 7
9 9
10 10
11 12
12 13
13 16
14 18
15 18
16 20
17 22
18 24
19 25
20 25
21 26
22 26
23 27
24 28
25 28
26 30
27 30
28 30
29 31
30 32
31 32
32 35
33 35
34 36
35 37
36 38
37 39
38 39
39 39
40 39
41 40
42 40
43 41
44 41
45 41
46 42
47 42
48 42
49 43
50 44
51 46
52 47
53 49
54 50
55 51
56 51
57 53
58 53
59 55
60 54
61 56
62 65
63 58
64 66
65 61
66 61
67 66
68 74
69 71
70 62
71 66
72 66
73 83
74 74
75 69
76 62
77 68
78 75
79 77
80 85
81 72
82 89
83 67
84 75
85 100
86 77
87 70
88 100
89 97
90 86
91 98
92 99
93 100
94 80
95 89
96 90
97 73
98 93
99 88
100 78
