1 1
2 1
3 3
4 5
5 6
6 6
7 7
8 7
9 9
10 10
11 12
12 13
13 16
14 18
15 18
16 20
17 22
18 24
19 25
20 25
21 26
22 26
23 27
24 28
25 28
26 30
27 30
28 30
29 31
30 32
31 32
32 35
33 35
34 36
35 37
36 38
37 39
38 39
39 39
40 39
41 40
42 40
43 41
44 41
45 41
46 42
47 42
48 42
49 43
50 44
51 46
52 47
53 49
54 50
55 51
56 51
57 53
58 54
59 54
60 55
61 58
62 56
63 65
64 62
65 66
66 61
67 61
68 66
69 74
70 71
71 67
72 66
73 66
74 83
75 74
76 69
77 62
78 68
79 75
80 77
81 85
82 72
83 89
84 92
85 75
86 100
87 77
88 70
89 100
90 97
91 86
92 98
93 99
94 100
95 80
96 89
97 90
98 73
99 93
100 88
