1 1
2 1
3 3
4 5
5 6
6 6
7 7
8 7
9 9
10 10
11 12
12 13
13 16
14 18
15 18
16 20
17 22
18 24
19 25
20 25
21 26
22 26
23 27
24 28
25 28
26 30
27 30
28 30
29 31
30 32
31 32
32 35
33 35
34 36
35 37
36 38
37 39
38 39
39 39
40 39
41 40
42 40
43 41
44 41
45 41
46 42
47 42
48 42
49 43
50 44
51 46
52 47
53 49
54 50
55 51
56 51
57 53
58 54
59 55
60 55
61 56
62 58
63 61
64 65
65 62
66 66
67 74
68 61
69 66
70 74
71 71
72 67
73 66
74 66
75 83
76 78
77 69
78 62
79 68
80 75
81 77
82 85
83 72
84 89
85 92
86 75
87 100
88 77
89 70
90 100
91 97
92 86
93 98
94 99
95 100
96 80
97 89
98 90
99 73
100 93
