1 1
2 1
3 3
4 5
5 6
6 6
7 7
8 7
9 9
10 10
11 12
12 13
13 16
14 18
15 18
16 20
17 22
18 24
19 25
20 25
21 26
22 26
23 27
24 28
25 28
26 30
27 30
28 30
29 31
30 32
31 32
32 35
33 35
34 36
35 37
36 38
37 39
38 39
39 39
40 39
41 40
42 40
43 41
44 41
45 41
46 42
47 42
48 42
49 43
50 44
51 46
52 47
53 49
54 50
55 51
56 51
57 53
58 54
59 55
60 56
61 56
62 61
63 58
64 61
65 65
66 62
67 66
68 74
69 62
70 66
71 74
72 71
73 67
74 66
75 66
76 83
77 78
78 69
79 88
80 68
81 75
82 77
83 85
84 72
85 89
86 92
87 75
88 100
89 77
90 70
91 100
92 97
93 86
94 98
95 99
96 100
97 80
98 89
99 90
100 73
