1 1
2 1
3 3
4 5
5 6
6 6
7 7
8 7
9 9
10 10
11 12
12 13
13 16
14 18
15 18
16 20
17 22
18 24
19 25
20 25
21 26
22 26
23 27
24 28
25 28
26 30
27 30
28 30
29 31
30 32
31 32
32 35
33 35
34 36
35 37
36 38
37 39
38 39
39 39
40 39
41 40
42 40
43 41
44 41
45 41
46 42
47 42
48 42
49 43
50 44
51 46
52 47
53 49
54 50
55 51
56 51
57 53
58 54
59 55
60 56
61 58
62 58
63 61
64 62
65 61
66 65
67 67
68 66
69 74
70 62
71 66
72 74
73 71
74 75
75 66
76 66
77 83
78 78
79 69
80 88
81 68
82 75
83 77
84 85
85 72
86 89
87 92
88 93
89 100
90 77
91 70
92 100
93 97
94 86
95 98
96 99
97 100
98 80
99 89
100 90
