1 1
2 2
3 3
4 4
5 5
6 6
7 7
8 8
9 9
10 10
11 11
12 12
13 13
14 14
15 15
16 16
17 17
18 18
19 19
20 20
21 21
22 22
23 23
24 24
25 25
26 26
27 27
28 28
29 29
30 30
31 31
32 32
33 33
34 34
35 35
36 36
37 37
38 38
39 39
40 40
41 41
42 42
43 43
44 44
45 45
46 46
47 47
48 48
49 49
50 50
51 51
52 52
53 53
54 54
55 55
56 56
57 57
58 58
59 59
60 60
61 61
62 62
63 63
64 66
65 64
66 69
67 73
68 65
69 71
70 77
71 72
72 74
73 84
74 67
75 70
76 79
77 78
78 81
79 82
80 83
81 75
82 76
83 96
84 93
85 85
86 68
87 94
88 98
89 86
90 80
91 100
92 88
93 87
94 97
95 95
96 90
97 92
98 99
99 91
100 89
