1 1
2 1
3 3
4 5
5 6
6 6
7 7
8 7
9 9
10 10
11 12
12 13
13 16
14 18
15 18
16 20
17 22
18 24
19 25
20 25
21 26
22 26
23 27
24 28
25 28
26 30
27 30
28 30
29 31
30 32
31 32
32 35
33 35
34 36
35 37
36 38
37 39
38 39
39 39
40 39
41 40
42 40
43 41
44 41
45 41
46 42
47 42
48 42
49 43
50 44
51 46
52 47
53 49
54 50
55 51
56 51
57 53
58 54
59 55
60 56
61 58
62 61
63 61
64 62
65 62
66 65
67 62
68 69
69 66
70 67
71 66
72 74
73 73
74 68
75 74
76 71
77 75
78 66
79 66
80 83
81 78
82 80
83 88
84 89
85 75
86 77
87 85
88 72
89 89
90 92
91 93
92 100
93 77
94 70
95 100
96 97
97 86
98 98
99 99
100 100
