1 1
2 1
3 3
4 5
5 6
6 6
7 7
8 7
9 9
10 10
11 12
12 13
13 16
14 18
15 18
16 20
17 22
18 24
19 25
20 25
21 26
22 26
23 27
24 28
25 28
26 30
27 30
28 30
29 31
30 32
31 32
32 35
33 35
34 36
35 37
36 38
37 39
38 39
39 39
40 39
41 40
42 40
43 41
44 41
45 41
46 42
47 42
48 42
49 43
50 44
51 46
52 47
53 49
54 50
55 51
56 51
57 53
58 54
59 55
60 56
61 58
62 61
63 61
64 62
65 62
66 62
67 65
68 66
69 69
70 66
71 67
72 66
73 74
74 73
75 68
76 74
77 71
78 75
79 77
80 66
81 83
82 78
83 80
84 88
85 89
86 75
87 77
88 85
89 72
90 89
91 92
92 93
93 100
94 90
95 70
96 100
97 97
98 86
99 98
100 99
