1 1
2 2
3 3
4 4
5 5
6 6
7 7
8 8
9 9
10 10
11 11
12 12
13 13
14 14
15 15
16 16
17 17
18 18
19 19
20 20
21 21
22 22
23 23
24 24
25 25
26 26
27 27
28 28
29 29
30 30
31 31
32 32
33 33
34 34
35 35
36 36
37 37
38 38
39 39
40 40
41 41
42 42
43 43
44 44
45 45
46 46
47 47
48 48
49 49
50 50
51 51
52 52
53 53
54 54
55 55
56 56
57 57
58 58
59 59
60 60
61 61
62 62
63 63
64 64
65 65
66 66
67 67
68 69
69 68
70 72
71 73
72 70
73 71
74 77
75 75
76 74
77 84
78 89
79 86
80 79
81 78
82 81
83 82
84 83
85 99
86 76
87 96
88 93
89 85
90 91
91 94
92 98
93 92
94 80
95 100
96 88
97 87
98 97
99 95
100 90
