1 1
2 1
3 3
4 5
5 6
6 6
7 7
8 7
9 9
10 10
11 12
12 13
13 16
14 18
15 18
16 20
17 22
18 24
19 25
20 25
21 26
22 26
23 27
24 28
25 28
26 30
27 30
28 30
29 31
30 32
31 32
32 35
33 35
34 36
35 37
36 38
37 39
38 39
39 39
40 39
41 40
42 40
43 41
44 41
45 41
46 42
47 42
48 42
49 43
50 44
51 46
52 47
53 49
54 50
55 51
56 51
57 53
58 54
59 55
60 56
61 58
62 61
63 61
64 62
65 62
66 65
67 66
68 66
69 66
70 68
71 66
72 69
73 74
74 67
75 66
76 74
77 73
78 75
79 77
80 71
81 75
82 77
83 70
84 83
85 78
86 80
87 88
88 89
89 100
90 99
91 85
92 72
93 89
94 92
95 93
96 100
97 90
98 98
99 100
100 97
