1 1
2 1
3 3
4 5
5 6
6 6
7 7
8 7
9 9
10 10
11 12
12 13
13 16
14 18
15 18
16 20
17 22
18 24
19 25
20 25
21 26
22 26
23 27
24 28
25 28
26 30
27 30
28 30
29 31
30 32
31 32
32 35
33 35
34 36
35 37
36 38
37 39
38 39
39 39
40 39
41 40
42 40
43 41
44 41
45 41
46 42
47 42
48 42
49 43
50 44
51 46
52 47
53 49
54 50
55 51
56 51
57 53
58 54
59 55
60 56
61 58
62 61
63 61
64 62
65 62
66 65
67 66
68 66
69 66
70 66
71 67
72 68
73 69
74 70
75 71
76 72
77 73
78 74
79 74
80 75
81 75
82 75
83 77
84 77
85 78
86 85
87 89
88 86
89 83
90 80
91 89
92 99
93 93
94 92
95 90
96 100
97 100
98 100
99 98
100 88
