1 6
2 9
3 7
4 2
5 1
6 7
7 1
8 2
9 3
10 8
11 9
12 8
13 7
14 1
15 9
16 4
17 2
18 10
19 1
20 5
21 7
22 6
23 8
24 4
25 10
26 4
27 5
28 5
29 3
30 5
31 9
32 2
33 10
34 7
35 1
36 3
37 9
38 7
39 8
40 6
41 2
42 2
43 7
44 9
45 4
46 6
47 8
48 2
49 1
50 3
51 8
52 4
53 8
54 9
55 4
56 5
57 10
58 6
59 6
60 6
61 4
62 4
63 4
64 5
65 2
66 9
67 5
68 6
69 5
70 7
71 7
72 10
73 5
74 6
75 8
76 9
77 8
78 1
79 3
80 1
81 2
82 3
83 10
84 1
85 4
86 9
87 3
88 1
89 10
90 7
91 3
92 8
93 5
94 10
95 2
96 10
97 3
98 10
99 6
100 3
