1 30
2 99
3 1
4 14
5 19
6 37
7 25
8 46
9 76
10 88
11 15
12 96
13 70
14 52
15 90
16 82
17 17
18 36
19 9
20 73
21 81
22 11
23 31
24 27
25 85
26 55
27 83
28 65
29 75
30 97
31 13
32 34
33 47
34 49
35 16
36 23
37 92
38 53
39 39
40 67
41 60
42 8
43 51
44 95
45 20
46 24
47 2
48 28
49 40
50 18
51 43
52 22
53 74
54 7
55 100
56 63
57 12
58 80
59 69
60 58
61 62
62 50
63 38
64 84
65 78
66 87
67 57
68 3
69 45
70 41
71 77
72 5
73 86
74 21
75 89
76 10
77 4
78 48
79 33
80 72
81 26
82 6
83 59
84 91
85 68
86 64
87 98
88 54
89 71
90 35
91 32
92 56
93 94
94 79
95 29
96 44
97 93
98 66
99 42
100 61
