1 30
2 1
3 14
4 19
5 37
6 25
7 46
8 76
9 88
10 15
11 96
12 70
13 52
14 90
15 82
16 17
17 36
18 9
19 73
20 81
21 11
22 31
23 27
24 85
25 55
26 83
27 65
28 75
29 97
30 13
31 34
32 47
33 49
34 16
35 23
36 92
37 53
38 39
39 67
40 60
41 8
42 51
43 95
44 20
45 24
46 2
47 28
48 40
49 18
50 43
51 22
52 74
53 7
54 99
55 63
56 12
57 80
58 69
59 58
60 62
61 50
62 38
63 84
64 78
65 87
66 57
67 3
68 45
69 41
70 77
71 5
72 86
73 21
74 89
75 10
76 4
77 48
78 33
79 72
80 26
81 6
82 59
83 91
84 68
85 64
86 98
87 54
88 71
89 35
90 32
91 56
92 94
93 79
94 29
95 44
96 93
97 66
98 42
99 61
100 100
