1 1
2 14
3 19
4 30
5 25
6 37
7 46
8 76
9 15
10 88
11 70
12 52
13 90
14 82
15 17
16 36
17 9
18 73
19 81
20 11
21 31
22 27
23 85
24 55
25 83
26 65
27 75
28 96
29 13
30 34
31 47
32 49
33 16
34 23
35 92
36 53
37 39
38 67
39 60
40 8
41 51
42 95
43 20
44 24
45 2
46 28
47 40
48 18
49 43
50 22
51 74
52 7
53 97
54 63
55 12
56 80
57 69
58 58
59 62
60 50
61 38
62 84
63 78
64 87
65 57
66 3
67 45
68 41
69 77
70 5
71 86
72 21
73 89
74 10
75 4
76 48
77 33
78 72
79 26
80 6
81 59
82 91
83 68
84 64
85 98
86 54
87 71
88 35
89 32
90 56
91 94
92 79
93 29
94 44
95 93
96 66
97 42
98 61
99 99
100 100
