1 1
2 14
3 19
4 25
5 30
6 37
7 46
8 15
9 76
10 70
11 52
12 88
13 82
14 17
15 36
16 9
17 73
18 81
19 11
20 31
21 27
22 85
23 55
24 83
25 65
26 75
27 90
28 13
29 34
30 47
31 49
32 16
33 23
34 92
35 53
36 39
37 67
38 60
39 8
40 51
41 95
42 20
43 24
44 2
45 28
46 40
47 18
48 43
49 22
50 74
51 7
52 96
53 63
54 12
55 80
56 69
57 58
58 62
59 50
60 38
61 84
62 78
63 87
64 57
65 3
66 45
67 41
68 77
69 5
70 86
71 21
72 89
73 10
74 4
75 48
76 33
77 72
78 26
79 6
80 59
81 91
82 68
83 64
84 97
85 54
86 71
87 35
88 32
89 56
90 94
91 79
92 29
93 44
94 93
95 66
96 42
97 61
98 98
99 99
100 100
