1 1
2 14
3 19
4 25
5 30
6 37
7 15
8 46
9 70
10 52
11 76
12 82
13 17
14 36
15 9
16 73
17 81
18 11
19 31
20 27
21 85
22 55
23 83
24 65
25 75
26 88
27 13
28 34
29 47
30 49
31 16
32 23
33 90
34 53
35 39
36 67
37 60
38 8
39 51
40 92
41 20
42 24
43 2
44 28
45 40
46 18
47 43
48 22
49 74
50 7
51 95
52 63
53 12
54 80
55 69
56 58
57 62
58 50
59 38
60 84
61 78
62 87
63 57
64 3
65 45
66 41
67 77
68 5
69 86
70 21
71 89
72 10
73 4
74 48
75 33
76 72
77 26
78 6
79 59
80 91
81 68
82 64
83 96
84 54
85 71
86 35
87 32
88 56
89 94
90 79
91 29
92 44
93 93
94 66
95 42
96 61
97 97
98 98
99 99
100 100
