1 1
2 14
3 19
4 25
5 30
6 15
7 37
8 46
9 52
10 70
11 76
12 17
13 36
14 9
15 73
16 81
17 11
18 31
19 27
20 82
21 55
22 83
23 65
24 75
25 85
26 13
27 34
28 47
29 49
30 16
31 23
32 88
33 53
34 39
35 67
36 60
37 8
38 51
39 90
40 20
41 24
42 2
43 28
44 40
45 18
46 43
47 22
48 74
49 7
50 92
51 63
52 12
53 80
54 69
55 58
56 62
57 50
58 38
59 84
60 78
61 87
62 57
63 3
64 45
65 41
66 77
67 5
68 86
69 21
70 89
71 10
72 4
73 48
74 33
75 72
76 26
77 6
78 59
79 91
80 68
81 64
82 95
83 54
84 71
85 35
86 32
87 56
88 94
89 79
90 29
91 44
92 93
93 66
94 42
95 61
96 96
97 97
98 98
99 99
100 100
