1 1
2 14
3 19
4 25
5 15
6 30
7 37
8 46
9 52
10 70
11 17
12 36
13 9
14 73
15 76
16 11
17 31
18 27
19 81
20 55
21 82
22 65
23 75
24 83
25 13
26 34
27 47
28 49
29 16
30 23
31 85
32 53
33 39
34 67
35 60
36 8
37 51
38 88
39 20
40 24
41 2
42 28
43 40
44 18
45 43
46 22
47 74
48 7
49 90
50 63
51 12
52 80
53 69
54 58
55 62
56 50
57 38
58 84
59 78
60 87
61 57
62 3
63 45
64 41
65 77
66 5
67 86
68 21
69 89
70 10
71 4
72 48
73 33
74 72
75 26
76 6
77 59
78 91
79 68
80 64
81 92
82 54
83 71
84 35
85 32
86 56
87 94
88 79
89 29
90 44
91 93
92 66
93 42
94 61
95 95
96 96
97 97
98 98
99 99
100 100
