1 1
2 14
3 19
4 15
5 25
6 30
7 37
8 46
9 52
10 17
11 36
12 9
13 70
14 73
15 11
16 31
17 27
18 76
19 55
20 81
21 65
22 75
23 82
24 13
25 34
26 47
27 49
28 16
29 23
30 83
31 53
32 39
33 67
34 60
35 8
36 51
37 85
38 20
39 24
40 2
41 28
42 40
43 18
44 43
45 22
46 74
47 7
48 88
49 63
50 12
51 80
52 69
53 58
54 62
55 50
56 38
57 84
58 78
59 87
60 57
61 3
62 45
63 41
64 77
65 5
66 86
67 21
68 89
69 10
70 4
71 48
72 33
73 72
74 26
75 6
76 59
77 90
78 68
79 64
80 91
81 54
82 71
83 35
84 32
85 56
86 92
87 79
88 29
89 44
90 93
91 66
92 42
93 61
94 94
95 95
96 96
97 97
98 98
99 99
100 100
