1 1
2 14
3 15
4 19
5 25
6 30
7 37
8 46
9 17
10 36
11 9
12 52
13 70
14 11
15 31
16 27
17 73
18 55
19 76
20 65
21 75
22 81
23 13
24 34
25 47
26 49
27 16
28 23
29 82
30 53
31 39
32 67
33 60
34 8
35 51
36 83
37 20
38 24
39 2
40 28
41 40
42 18
43 43
44 22
45 74
46 7
47 85
48 63
49 12
50 80
51 69
52 58
53 62
54 50
55 38
56 84
57 78
58 87
59 57
60 3
61 45
62 41
63 77
64 5
65 86
66 21
67 88
68 10
69 4
70 48
71 33
72 72
73 26
74 6
75 59
76 89
77 68
78 64
79 90
80 54
81 71
82 35
83 32
84 56
85 91
86 79
87 29
88 44
89 92
90 66
91 42
92 61
93 93
94 94
95 95
96 96
97 97
98 98
99 99
100 100
