1 1
2 14
3 15
4 19
5 25
6 30
7 37
8 17
9 36
10 9
11 46
12 52
13 11
14 31
15 27
16 70
17 55
18 73
19 65
20 75
21 76
22 13
23 34
24 47
25 49
26 16
27 23
28 81
29 53
30 39
31 67
32 60
33 8
34 51
35 82
36 20
37 24
38 2
39 28
40 40
41 18
42 43
43 22
44 74
45 7
46 83
47 63
48 12
49 80
50 69
51 58
52 62
53 50
54 38
55 84
56 78
57 85
58 57
59 3
60 45
61 41
62 77
63 5
64 86
65 21
66 87
67 10
68 4
69 48
70 33
71 72
72 26
73 6
74 59
75 88
76 68
77 64
78 89
79 54
80 71
81 35
82 32
83 56
84 90
85 79
86 29
87 44
88 91
89 66
90 42
91 61
92 92
93 93
94 94
95 95
96 96
97 97
98 98
99 99
100 100
