1 1
2 14
3 15
4 19
5 25
6 30
7 17
8 36
9 9
10 37
11 46
12 11
13 31
14 27
15 52
16 55
17 70
18 65
19 73
20 75
21 13
22 34
23 47
24 49
25 16
26 23
27 76
28 53
29 39
30 67
31 60
32 8
33 51
34 81
35 20
36 24
37 2
38 28
39 40
40 18
41 43
42 22
43 74
44 7
45 82
46 63
47 12
48 80
49 69
50 58
51 62
52 50
53 38
54 83
55 78
56 84
57 57
58 3
59 45
60 41
61 77
62 5
63 85
64 21
65 86
66 10
67 4
68 48
69 33
70 72
71 26
72 6
73 59
74 87
75 68
76 64
77 88
78 54
79 71
80 35
81 32
82 56
83 89
84 79
85 29
86 44
87 90
88 66
89 42
90 61
91 91
92 92
93 93
94 94
95 95
96 96
97 97
98 98
99 99
100 100
