1 1
2 14
3 15
4 19
5 25
6 17
7 30
8 9
9 36
10 37
11 11
12 31
13 27
14 46
15 52
16 55
17 65
18 70
19 73
20 13
21 34
22 47
23 49
24 16
25 23
26 75
27 53
28 39
29 67
30 60
31 8
32 51
33 76
34 20
35 24
36 2
37 28
38 40
39 18
40 43
41 22
42 74
43 7
44 81
45 63
46 12
47 80
48 69
49 58
50 62
51 50
52 38
53 82
54 78
55 83
56 57
57 3
58 45
59 41
60 77
61 5
62 84
63 21
64 85
65 10
66 4
67 48
68 33
69 72
70 26
71 6
72 59
73 86
74 68
75 64
76 87
77 54
78 71
79 35
80 32
81 56
82 88
83 79
84 29
85 44
86 89
87 66
88 42
89 61
90 90
91 91
92 92
93 93
94 94
95 95
96 96
97 97
98 98
99 99
100 100
