1 1
2 14
3 15
4 19
5 17
6 25
7 9
8 30
9 36
10 11
11 31
12 27
13 37
14 46
15 52
16 55
17 65
18 70
19 13
20 34
21 47
22 49
23 16
24 23
25 73
26 53
27 39
28 67
29 60
30 8
31 51
32 75
33 20
34 24
35 2
36 28
37 40
38 18
39 43
40 22
41 74
42 7
43 76
44 63
45 12
46 80
47 69
48 58
49 62
50 50
51 38
52 81
53 78
54 82
55 57
56 3
57 45
58 41
59 77
60 5
61 83
62 21
63 84
64 10
65 4
66 48
67 33
68 72
69 26
70 6
71 59
72 85
73 68
74 64
75 86
76 54
77 71
78 35
79 32
80 56
81 87
82 79
83 29
84 44
85 88
86 66
87 42
88 61
89 89
90 90
91 91
92 92
93 93
94 94
95 95
96 96
97 97
98 98
99 99
100 100
