1 1
2 14
3 15
4 17
5 19
6 9
7 25
8 30
9 11
10 31
11 27
12 36
13 37
14 46
15 52
16 55
17 65
18 13
19 34
20 47
21 49
22 16
23 23
24 70
25 53
26 39
27 67
28 60
29 8
30 51
31 73
32 20
33 24
34 2
35 28
36 40
37 18
38 43
39 22
40 74
41 7
42 75
43 63
44 12
45 76
46 69
47 58
48 62
49 50
50 38
51 80
52 78
53 81
54 57
55 3
56 45
57 41
58 77
59 5
60 82
61 21
62 83
63 10
64 4
65 48
66 33
67 72
68 26
69 6
70 59
71 84
72 68
73 64
74 85
75 54
76 71
77 35
78 32
79 56
80 86
81 79
82 29
83 44
84 87
85 66
86 42
87 61
88 88
89 89
90 90
91 91
92 92
93 93
94 94
95 95
96 96
97 97
98 98
99 99
100 100
