1 1
2 14
3 15
4 17
5 9
6 19
7 25
8 11
9 30
10 27
11 31
12 36
13 37
14 46
15 52
16 55
17 13
18 34
19 47
20 49
21 16
22 23
23 65
24 53
25 39
26 67
27 60
28 8
29 51
30 70
31 20
32 24
33 2
34 28
35 40
36 18
37 43
38 22
39 73
40 7
41 74
42 63
43 12
44 75
45 69
46 58
47 62
48 50
49 38
50 76
51 78
52 80
53 57
54 3
55 45
56 41
57 77
58 5
59 81
60 21
61 82
62 10
63 4
64 48
65 33
66 72
67 26
68 6
69 59
70 83
71 68
72 64
73 84
74 54
75 71
76 35
77 32
78 56
79 85
80 79
81 29
82 44
83 86
84 66
85 42
86 61
87 87
88 88
89 89
90 90
91 91
92 92
93 93
94 94
95 95
96 96
97 97
98 98
99 99
100 100
