1 1
2 14
3 15
4 9
5 17
6 19
7 11
8 25
9 27
10 30
11 31
12 36
13 37
14 46
15 52
16 13
17 34
18 47
19 49
20 16
21 23
22 55
23 53
24 39
25 65
26 60
27 8
28 51
29 67
30 20
31 24
32 2
33 28
34 40
35 18
36 43
37 22
38 70
39 7
40 73
41 63
42 12
43 74
44 69
45 58
46 62
47 50
48 38
49 75
50 76
51 78
52 57
53 3
54 45
55 41
56 77
57 5
58 80
59 21
60 81
61 10
62 4
63 48
64 33
65 72
66 26
67 6
68 59
69 82
70 68
71 64
72 83
73 54
74 71
75 35
76 32
77 56
78 84
79 79
80 29
81 44
82 85
83 66
84 42
85 61
86 86
87 87
88 88
89 89
90 90
91 91
92 92
93 93
94 94
95 95
96 96
97 97
98 98
99 99
100 100
