1 1
2 14
3 9
4 15
5 17
6 11
7 19
8 25
9 27
10 30
11 31
12 36
13 37
14 46
15 13
16 34
17 47
18 49
19 16
20 23
21 52
22 53
23 39
24 55
25 60
26 8
27 51
28 65
29 20
30 24
31 2
32 28
33 40
34 18
35 43
36 22
37 67
38 7
39 70
40 63
41 12
42 73
43 69
44 58
45 62
46 50
47 38
48 74
49 75
50 76
51 57
52 3
53 45
54 41
55 77
56 5
57 78
58 21
59 80
60 10
61 4
62 48
63 33
64 72
65 26
66 6
67 59
68 81
69 68
70 64
71 82
72 54
73 71
74 35
75 32
76 56
77 83
78 79
79 29
80 44
81 84
82 66
83 42
84 61
85 85
86 86
87 87
88 88
89 89
90 90
91 91
92 92
93 93
94 94
95 95
96 96
97 97
98 98
99 99
100 100
