1 1
2 9
3 14
4 15
5 11
6 17
7 19
8 25
9 27
10 30
11 31
12 36
13 37
14 13
15 34
16 46
17 47
18 16
19 23
20 49
21 52
22 39
23 53
24 55
25 8
26 51
27 60
28 20
29 24
30 2
31 28
32 40
33 18
34 43
35 22
36 65
37 7
38 67
39 63
40 12
41 70
42 69
43 58
44 62
45 50
46 38
47 73
48 74
49 75
50 57
51 3
52 45
53 41
54 76
55 5
56 77
57 21
58 78
59 10
60 4
61 48
62 33
63 72
64 26
65 6
66 59
67 80
68 68
69 64
70 81
71 54
72 71
73 35
74 32
75 56
76 82
77 79
78 29
79 44
80 83
81 66
82 42
83 61
84 84
85 85
86 86
87 87
88 88
89 89
90 90
91 91
92 92
93 93
94 94
95 95
96 96
97 97
98 98
99 99
100 100
