1 1
2 9
3 14
4 11
5 15
6 17
7 19
8 25
9 27
10 30
11 31
12 36
13 13
14 34
15 37
16 46
17 16
18 23
19 47
20 49
21 39
22 52
23 53
24 8
25 51
26 55
27 20
28 24
29 2
30 28
31 40
32 18
33 43
34 22
35 60
36 7
37 65
38 63
39 12
40 67
41 69
42 58
43 62
44 50
45 38
46 70
47 73
48 74
49 57
50 3
51 45
52 41
53 75
54 5
55 76
56 21
57 77
58 10
59 4
60 48
61 33
62 72
63 26
64 6
65 59
66 78
67 68
68 64
69 80
70 54
71 71
72 35
73 32
74 56
75 81
76 79
77 29
78 44
79 82
80 66
81 42
82 61
83 83
84 84
85 85
86 86
87 87
88 88
89 89
90 90
91 91
92 92
93 93
94 94
95 95
96 96
97 97
98 98
99 99
100 100
