1 1
2 9
3 11
4 14
5 15
6 17
7 19
8 25
9 27
10 30
11 31
12 13
13 34
14 36
15 37
16 16
17 23
18 46
19 47
20 39
21 49
22 52
23 8
24 51
25 53
26 20
27 24
28 2
29 28
30 40
31 18
32 43
33 22
34 55
35 7
36 60
37 63
38 12
39 65
40 67
41 58
42 62
43 50
44 38
45 69
46 70
47 73
48 57
49 3
50 45
51 41
52 74
53 5
54 75
55 21
56 76
57 10
58 4
59 48
60 33
61 72
62 26
63 6
64 59
65 77
66 68
67 64
68 78
69 54
70 71
71 35
72 32
73 56
74 80
75 79
76 29
77 44
78 81
79 66
80 42
81 61
82 82
83 83
84 84
85 85
86 86
87 87
88 88
89 89
90 90
91 91
92 92
93 93
94 94
95 95
96 96
97 97
98 98
99 99
100 100
