1 1
2 9
3 11
4 14
5 15
6 17
7 19
8 25
9 27
10 30
11 13
12 31
13 34
14 36
15 16
16 23
17 37
18 46
19 39
20 47
21 49
22 8
23 51
24 52
25 20
26 24
27 2
28 28
29 40
30 18
31 43
32 22
33 53
34 7
35 55
36 60
37 12
38 63
39 65
40 58
41 62
42 50
43 38
44 67
45 69
46 70
47 57
48 3
49 45
50 41
51 73
52 5
53 74
54 21
55 75
56 10
57 4
58 48
59 33
60 72
61 26
62 6
63 59
64 76
65 68
66 64
67 77
68 54
69 71
70 35
71 32
72 56
73 78
74 79
75 29
76 44
77 80
78 66
79 42
80 61
81 81
82 82
83 83
84 84
85 85
86 86
87 87
88 88
89 89
90 90
91 91
92 92
93 93
94 94
95 95
96 96
97 97
98 98
99 99
100 100
