1 1
2 9
3 11
4 14
5 15
6 17
7 19
8 25
9 27
10 13
11 30
12 31
13 34
14 16
15 23
16 36
17 37
18 39
19 46
20 47
21 8
22 49
23 51
24 20
25 24
26 2
27 28
28 40
29 18
30 43
31 22
32 52
33 7
34 53
35 55
36 12
37 60
38 63
39 58
40 62
41 50
42 38
43 65
44 67
45 69
46 57
47 3
48 45
49 41
50 70
51 5
52 73
53 21
54 74
55 10
56 4
57 48
58 33
59 72
60 26
61 6
62 59
63 75
64 68
65 64
66 76
67 54
68 71
69 35
70 32
71 56
72 77
73 78
74 29
75 44
76 79
77 66
78 42
79 61
80 80
81 81
82 82
83 83
84 84
85 85
86 86
87 87
88 88
89 89
90 90
91 91
92 92
93 93
94 94
95 95
96 96
97 97
98 98
99 99
100 100
