1 1
2 9
3 11
4 14
5 15
6 17
7 19
8 25
9 13
10 27
11 30
12 31
13 16
14 23
15 34
16 36
17 37
18 39
19 46
20 8
21 47
22 49
23 20
24 24
25 2
26 28
27 40
28 18
29 43
30 22
31 51
32 7
33 52
34 53
35 12
36 55
37 60
38 58
39 62
40 50
41 38
42 63
43 65
44 67
45 57
46 3
47 45
48 41
49 69
50 5
51 70
52 21
53 73
54 10
55 4
56 48
57 33
58 72
59 26
60 6
61 59
62 74
63 68
64 64
65 75
66 54
67 71
68 35
69 32
70 56
71 76
72 77
73 29
74 44
75 78
76 66
77 42
78 61
79 79
80 80
81 81
82 82
83 83
84 84
85 85
86 86
87 87
88 88
89 89
90 90
91 91
92 92
93 93
94 94
95 95
96 96
97 97
98 98
99 99
100 100
