1 1
2 9
3 11
4 14
5 15
6 17
7 19
8 13
9 25
10 27
11 30
12 16
13 23
14 31
15 34
16 36
17 37
18 39
19 8
20 46
21 47
22 20
23 24
24 2
25 28
26 40
27 18
28 43
29 22
30 49
31 7
32 51
33 52
34 12
35 53
36 55
37 58
38 60
39 50
40 38
41 62
42 63
43 65
44 57
45 3
46 45
47 41
48 67
49 5
50 69
51 21
52 70
53 10
54 4
55 48
56 33
57 72
58 26
59 6
60 59
61 73
62 68
63 64
64 74
65 54
66 71
67 35
68 32
69 56
70 75
71 76
72 29
73 44
74 77
75 66
76 42
77 61
78 78
79 79
80 80
81 81
82 82
83 83
84 84
85 85
86 86
87 87
88 88
89 89
90 90
91 91
92 92
93 93
94 94
95 95
96 96
97 97
98 98
99 99
100 100
