1 1
2 9
3 11
4 14
5 15
6 17
7 13
8 19
9 25
10 27
11 16
12 23
13 30
14 31
15 34
16 36
17 37
18 8
19 39
20 46
21 20
22 24
23 2
24 28
25 40
26 18
27 43
28 22
29 47
30 7
31 49
32 51
33 12
34 52
35 53
36 55
37 58
38 50
39 38
40 60
41 62
42 63
43 57
44 3
45 45
46 41
47 65
48 5
49 67
50 21
51 69
52 10
53 4
54 48
55 33
56 70
57 26
58 6
59 59
60 72
61 68
62 64
63 73
64 54
65 71
66 35
67 32
68 56
69 74
70 75
71 29
72 44
73 76
74 66
75 42
76 61
77 77
78 78
79 79
80 80
81 81
82 82
83 83
84 84
85 85
86 86
87 87
88 88
89 89
90 90
91 91
92 92
93 93
94 94
95 95
96 96
97 97
98 98
99 99
100 100
