1 1
2 9
3 11
4 14
5 15
6 13
7 17
8 19
9 25
10 16
11 23
12 27
13 30
14 31
15 34
16 36
17 8
18 37
19 39
20 20
21 24
22 2
23 28
24 40
25 18
26 43
27 22
28 46
29 7
30 47
31 49
32 12
33 51
34 52
35 53
36 55
37 50
38 38
39 58
40 60
41 62
42 57
43 3
44 45
45 41
46 63
47 5
48 65
49 21
50 67
51 10
52 4
53 48
54 33
55 69
56 26
57 6
58 59
59 70
60 68
61 64
62 72
63 54
64 71
65 35
66 32
67 56
68 73
69 74
70 29
71 44
72 75
73 66
74 42
75 61
76 76
77 77
78 78
79 79
80 80
81 81
82 82
83 83
84 84
85 85
86 86
87 87
88 88
89 89
90 90
91 91
92 92
93 93
94 94
95 95
96 96
97 97
98 98
99 99
100 100
