1 1
2 9
3 11
4 14
5 13
6 15
7 17
8 19
9 16
10 23
11 25
12 27
13 30
14 31
15 34
16 8
17 36
18 37
19 20
20 24
21 2
22 28
23 39
24 18
25 40
26 22
27 43
28 7
29 46
30 47
31 12
32 49
33 51
34 52
35 53
36 50
37 38
38 55
39 58
40 60
41 57
42 3
43 45
44 41
45 62
46 5
47 63
48 21
49 65
50 10
51 4
52 48
53 33
54 67
55 26
56 6
57 59
58 69
59 68
60 64
61 70
62 54
63 71
64 35
65 32
66 56
67 72
68 73
69 29
70 44
71 74
72 66
73 42
74 61
75 75
76 76
77 77
78 78
79 79
80 80
81 81
82 82
83 83
84 84
85 85
86 86
87 87
88 88
89 89
90 90
91 91
92 92
93 93
94 94
95 95
96 96
97 97
98 98
99 99
100 100
