1 1
2 9
3 11
4 13
5 14
6 15
7 17
8 16
9 19
10 23
11 25
12 27
13 30
14 31
15 8
16 34
17 36
18 20
19 24
20 2
21 28
22 37
23 18
24 39
25 22
26 40
27 7
28 43
29 46
30 12
31 47
32 49
33 51
34 52
35 50
36 38
37 53
38 55
39 58
40 57
41 3
42 45
43 41
44 60
45 5
46 62
47 21
48 63
49 10
50 4
51 48
52 33
53 65
54 26
55 6
56 59
57 67
58 68
59 64
60 69
61 54
62 70
63 35
64 32
65 56
66 71
67 72
68 29
69 44
70 73
71 66
72 42
73 61
74 74
75 75
76 76
77 77
78 78
79 79
80 80
81 81
82 82
83 83
84 84
85 85
86 86
87 87
88 88
89 89
90 90
91 91
92 92
93 93
94 94
95 95
96 96
97 97
98 98
99 99
100 100
