1 1
2 9
3 11
4 13
5 14
6 15
7 16
8 17
9 19
10 23
11 25
12 27
13 30
14 8
15 31
16 34
17 20
18 24
19 2
20 28
21 36
22 18
23 37
24 22
25 39
26 7
27 40
28 43
29 12
30 46
31 47
32 49
33 51
34 50
35 38
36 52
37 53
38 55
39 57
40 3
41 45
42 41
43 58
44 5
45 60
46 21
47 62
48 10
49 4
50 48
51 33
52 63
53 26
54 6
55 59
56 65
57 67
58 64
59 68
60 54
61 69
62 35
63 32
64 56
65 70
66 71
67 29
68 44
69 72
70 66
71 42
72 61
73 73
74 74
75 75
76 76
77 77
78 78
79 79
80 80
81 81
82 82
83 83
84 84
85 85
86 86
87 87
88 88
89 89
90 90
91 91
92 92
93 93
94 94
95 95
96 96
97 97
98 98
99 99
100 100
