1 1
2 9
3 11
4 13
5 14
6 15
7 16
8 17
9 19
10 23
11 25
12 27
13 8
14 30
15 31
16 20
17 24
18 2
19 28
20 34
21 18
22 36
23 22
24 37
25 7
26 39
27 40
28 12
29 43
30 46
31 47
32 49
33 50
34 38
35 51
36 52
37 53
38 55
39 3
40 45
41 41
42 57
43 5
44 58
45 21
46 60
47 10
48 4
49 48
50 33
51 62
52 26
53 6
54 59
55 63
56 65
57 64
58 67
59 54
60 68
61 35
62 32
63 56
64 69
65 70
66 29
67 44
68 71
69 66
70 42
71 61
72 72
73 73
74 74
75 75
76 76
77 77
78 78
79 79
80 80
81 81
82 82
83 83
84 84
85 85
86 86
87 87
88 88
89 89
90 90
91 91
92 92
93 93
94 94
95 95
96 96
97 97
98 98
99 99
100 100
