1 1
2 9
3 11
4 13
5 14
6 15
7 16
8 17
9 19
10 23
11 25
12 8
13 27
14 30
15 20
16 24
17 2
18 28
19 31
20 18
21 34
22 22
23 36
24 7
25 37
26 39
27 12
28 40
29 43
30 46
31 47
32 49
33 38
34 50
35 51
36 52
37 53
38 3
39 45
40 41
41 55
42 5
43 57
44 21
45 58
46 10
47 4
48 48
49 33
50 60
51 26
52 6
53 59
54 62
55 63
56 64
57 65
58 54
59 67
60 35
61 32
62 56
63 68
64 69
65 29
66 44
67 70
68 66
69 42
70 61
71 71
72 72
73 73
74 74
75 75
76 76
77 77
78 78
79 79
80 80
81 81
82 82
83 83
84 84
85 85
86 86
87 87
88 88
89 89
90 90
91 91
92 92
93 93
94 94
95 95
96 96
97 97
98 98
99 99
100 100
