1 1
2 9
3 11
4 13
5 14
6 15
7 16
8 17
9 19
10 23
11 8
12 25
13 27
14 20
15 24
16 2
17 28
18 30
19 18
20 31
21 22
22 34
23 7
24 36
25 37
26 12
27 39
28 40
29 43
30 46
31 47
32 38
33 49
34 50
35 51
36 52
37 3
38 45
39 41
40 53
41 5
42 55
43 21
44 57
45 10
46 4
47 48
48 33
49 58
50 26
51 6
52 59
53 60
54 62
55 63
56 64
57 54
58 65
59 35
60 32
61 56
62 67
63 68
64 29
65 44
66 69
67 66
68 42
69 61
70 70
71 71
72 72
73 73
74 74
75 75
76 76
77 77
78 78
79 79
80 80
81 81
82 82
83 83
84 84
85 85
86 86
87 87
88 88
89 89
90 90
91 91
92 92
93 93
94 94
95 95
96 96
97 97
98 98
99 99
100 100
