1 1
2 9
3 11
4 13
5 14
6 15
7 16
8 17
9 19
10 8
11 23
12 25
13 20
14 24
15 2
16 27
17 28
18 18
19 30
20 22
21 31
22 7
23 34
24 36
25 12
26 37
27 39
28 40
29 43
30 46
31 38
32 47
33 49
34 50
35 51
36 3
37 45
38 41
39 52
40 5
41 53
42 21
43 55
44 10
45 4
46 48
47 33
48 57
49 26
50 6
51 58
52 59
53 60
54 62
55 63
56 54
57 64
58 35
59 32
60 56
61 65
62 67
63 29
64 44
65 68
66 66
67 42
68 61
69 69
70 70
71 71
72 72
73 73
74 74
75 75
76 76
77 77
78 78
79 79
80 80
81 81
82 82
83 83
84 84
85 85
86 86
87 87
88 88
89 89
90 90
91 91
92 92
93 93
94 94
95 95
96 96
97 97
98 98
99 99
100 100
