1 1
2 9
3 11
4 13
5 14
6 15
7 16
8 17
9 8
10 19
11 23
12 20
13 24
14 2
15 25
16 27
17 18
18 28
19 22
20 30
21 7
22 31
23 34
24 12
25 36
26 37
27 39
28 40
29 43
30 38
31 46
32 47
33 49
34 50
35 3
36 45
37 41
38 51
39 5
40 52
41 21
42 53
43 10
44 4
45 48
46 33
47 55
48 26
49 6
50 57
51 58
52 59
53 60
54 62
55 54
56 63
57 35
58 32
59 56
60 64
61 65
62 29
63 44
64 67
65 66
66 42
67 61
68 68
69 69
70 70
71 71
72 72
73 73
74 74
75 75
76 76
77 77
78 78
79 79
80 80
81 81
82 82
83 83
84 84
85 85
86 86
87 87
88 88
89 89
90 90
91 91
92 92
93 93
94 94
95 95
96 96
97 97
98 98
99 99
100 100
