1 1
2 9
3 11
4 13
5 14
6 15
7 16
8 8
9 17
10 19
11 20
12 23
13 2
14 24
15 25
16 18
17 27
18 22
19 28
20 7
21 30
22 31
23 12
24 34
25 36
26 37
27 39
28 40
29 38
30 43
31 46
32 47
33 49
34 3
35 45
36 41
37 50
38 5
39 51
40 21
41 52
42 10
43 4
44 48
45 33
46 53
47 26
48 6
49 55
50 57
51 58
52 59
53 60
54 54
55 62
56 35
57 32
58 56
59 63
60 64
61 29
62 44
63 65
64 66
65 42
66 61
67 67
68 68
69 69
70 70
71 71
72 72
73 73
74 74
75 75
76 76
77 77
78 78
79 79
80 80
81 81
82 82
83 83
84 84
85 85
86 86
87 87
88 88
89 89
90 90
91 91
92 92
93 93
94 94
95 95
96 96
97 97
98 98
99 99
100 100
