1 1
2 9
3 11
4 13
5 14
6 15
7 8
8 16
9 17
10 19
11 20
12 2
13 23
14 24
15 18
16 25
17 22
18 27
19 7
20 28
21 30
22 12
23 31
24 34
25 36
26 37
27 39
28 38
29 40
30 43
31 46
32 47
33 3
34 45
35 41
36 49
37 5
38 50
39 21
40 51
41 10
42 4
43 48
44 33
45 52
46 26
47 6
48 53
49 55
50 57
51 58
52 59
53 54
54 60
55 35
56 32
57 56
58 62
59 63
60 29
61 44
62 64
63 65
64 42
65 61
66 66
67 67
68 68
69 69
70 70
71 71
72 72
73 73
74 74
75 75
76 76
77 77
78 78
79 79
80 80
81 81
82 82
83 83
84 84
85 85
86 86
87 87
88 88
89 89
90 90
91 91
92 92
93 93
94 94
95 95
96 96
97 97
98 98
99 99
100 100
