1 1
2 9
3 11
4 13
5 14
6 8
7 15
8 16
9 17
10 19
11 2
12 20
13 23
14 18
15 24
16 22
17 25
18 7
19 27
20 28
21 12
22 30
23 31
24 34
25 36
26 37
27 38
28 39
29 40
30 43
31 46
32 3
33 45
34 41
35 47
36 5
37 49
38 21
39 50
40 10
41 4
42 48
43 33
44 51
45 26
46 6
47 52
48 53
49 55
50 57
51 58
52 54
53 59
54 35
55 32
56 56
57 60
58 62
59 29
60 44
61 63
62 64
63 42
64 61
65 65
66 66
67 67
68 68
69 69
70 70
71 71
72 72
73 73
74 74
75 75
76 76
77 77
78 78
79 79
80 80
81 81
82 82
83 83
84 84
85 85
86 86
87 87
88 88
89 89
90 90
91 91
92 92
93 93
94 94
95 95
96 96
97 97
98 98
99 99
100 100
