1 1
2 9
3 11
4 13
5 8
6 14
7 15
8 16
9 17
10 2
11 19
12 20
13 18
14 23
15 22
16 24
17 7
18 25
19 27
20 12
21 28
22 30
23 31
24 34
25 36
26 37
27 38
28 39
29 40
30 43
31 3
32 45
33 41
34 46
35 5
36 47
37 21
38 49
39 10
40 4
41 48
42 33
43 50
44 26
45 6
46 51
47 52
48 53
49 55
50 57
51 54
52 58
53 35
54 32
55 56
56 59
57 60
58 29
59 44
60 62
61 63
62 42
63 61
64 64
65 65
66 66
67 67
68 68
69 69
70 70
71 71
72 72
73 73
74 74
75 75
76 76
77 77
78 78
79 79
80 80
81 81
82 82
83 83
84 84
85 85
86 86
87 87
88 88
89 89
90 90
91 91
92 92
93 93
94 94
95 95
96 96
97 97
98 98
99 99
100 100
