1 1
2 9
3 11
4 8
5 13
6 14
7 15
8 16
9 2
10 17
11 19
12 18
13 20
14 22
15 23
16 7
17 24
18 25
19 12
20 27
21 28
22 30
23 31
24 34
25 36
26 37
27 38
28 39
29 40
30 3
31 43
32 41
33 45
34 5
35 46
36 21
37 47
38 10
39 4
40 48
41 33
42 49
43 26
44 6
45 50
46 51
47 52
48 53
49 55
50 54
51 57
52 35
53 32
54 56
55 58
56 59
57 29
58 44
59 60
60 62
61 42
62 61
63 63
64 64
65 65
66 66
67 67
68 68
69 69
70 70
71 71
72 72
73 73
74 74
75 75
76 76
77 77
78 78
79 79
80 80
81 81
82 82
83 83
84 84
85 85
86 86
87 87
88 88
89 89
90 90
91 91
92 92
93 93
94 94
95 95
96 96
97 97
98 98
99 99
100 100
