1 1
2 9
3 8
4 11
5 13
6 14
7 15
8 2
9 16
10 17
11 18
12 19
13 20
14 22
15 7
16 23
17 24
18 12
19 25
20 27
21 28
22 30
23 31
24 34
25 36
26 37
27 38
28 39
29 3
30 40
31 41
32 43
33 5
34 45
35 21
36 46
37 10
38 4
39 47
40 33
41 48
42 26
43 6
44 49
45 50
46 51
47 52
48 53
49 54
50 55
51 35
52 32
53 56
54 57
55 58
56 29
57 44
58 59
59 60
60 42
61 61
62 62
63 63
64 64
65 65
66 66
67 67
68 68
69 69
70 70
71 71
72 72
73 73
74 74
75 75
76 76
77 77
78 78
79 79
80 80
81 81
82 82
83 83
84 84
85 85
86 86
87 87
88 88
89 89
90 90
91 91
92 92
93 93
94 94
95 95
96 96
97 97
98 98
99 99
100 100
