1 1
2 8
3 9
4 11
5 13
6 14
7 2
8 15
9 16
10 17
11 18
12 19
13 20
14 7
15 22
16 23
17 12
18 24
19 25
20 27
21 28
22 30
23 31
24 34
25 36
26 37
27 38
28 3
29 39
30 40
31 41
32 5
33 43
34 21
35 45
36 10
37 4
38 46
39 33
40 47
41 26
42 6
43 48
44 49
45 50
46 51
47 52
48 53
49 54
50 35
51 32
52 55
53 56
54 57
55 29
56 44
57 58
58 59
59 42
60 60
61 61
62 62
63 63
64 64
65 65
66 66
67 67
68 68
69 69
70 70
71 71
72 72
73 73
74 74
75 75
76 76
77 77
78 78
79 79
80 80
81 81
82 82
83 83
84 84
85 85
86 86
87 87
88 88
89 89
90 90
91 91
92 92
93 93
94 94
95 95
96 96
97 97
98 98
99 99
100 100
