1 1
2 2
3 8
4 9
5 11
6 13
7 14
8 15
9 7
10 16
11 17
12 12
13 18
14 19
15 20
16 22
17 23
18 24
19 25
20 27
21 28
22 30
23 3
24 31
25 34
26 36
27 5
28 37
29 21
30 38
31 10
32 4
33 39
34 33
35 40
36 26
37 6
38 41
39 43
40 45
41 46
42 47
43 48
44 49
45 35
46 32
47 50
48 51
49 52
50 29
51 44
52 53
53 54
54 42
55 55
56 56
57 57
58 58
59 59
60 60
61 61
62 62
63 63
64 64
65 65
66 66
67 67
68 68
69 69
70 70
71 71
72 72
73 73
74 74
75 75
76 76
77 77
78 78
79 79
80 80
81 81
82 82
83 83
84 84
85 85
86 86
87 87
88 88
89 89
90 90
91 91
92 92
93 93
94 94
95 95
96 96
97 97
98 98
99 99
100 100
