1 1
2 2
3 8
4 9
5 7
6 11
7 13
8 12
9 14
10 15
11 16
12 17
13 18
14 19
15 20
16 22
17 23
18 24
19 3
20 25
21 27
22 28
23 5
24 30
25 21
26 31
27 10
28 4
29 34
30 33
31 36
32 26
33 6
34 37
35 38
36 39
37 40
38 41
39 43
40 45
41 35
42 32
43 46
44 47
45 48
46 29
47 44
48 49
49 50
50 42
51 51
52 52
53 53
54 54
55 55
56 56
57 57
58 58
59 59
60 60
61 61
62 62
63 63
64 64
65 65
66 66
67 67
68 68
69 69
70 70
71 71
72 72
73 73
74 74
75 75
76 76
77 77
78 78
79 79
80 80
81 81
82 82
83 83
84 84
85 85
86 86
87 87
88 88
89 89
90 90
91 91
92 92
93 93
94 94
95 95
96 96
97 97
98 98
99 99
100 100
