1 1
2 2
3 7
4 8
5 9
6 11
7 12
8 13
9 14
10 15
11 16
12 17
13 18
14 19
15 3
16 20
17 22
18 23
19 5
20 24
21 21
22 25
23 10
24 4
25 27
26 28
27 30
28 26
29 6
30 31
31 33
32 34
33 36
34 37
35 38
36 39
37 35
38 32
39 40
40 41
41 43
42 29
43 44
44 45
45 46
46 42
47 47
48 48
49 49
50 50
51 51
52 52
53 53
54 54
55 55
56 56
57 57
58 58
59 59
60 60
61 61
62 62
63 63
64 64
65 65
66 66
67 67
68 68
69 69
70 70
71 71
72 72
73 73
74 74
75 75
76 76
77 77
78 78
79 79
80 80
81 81
82 82
83 83
84 84
85 85
86 86
87 87
88 88
89 89
90 90
91 91
92 92
93 93
94 94
95 95
96 96
97 97
98 98
99 99
100 100
