1 79
2 25
3 35
4 92
5 72
6 32
7 8
8 97
9 40
10 33
11 76
12 37
13 18
14 98
15 57
16 14
17 26
18 16
19 27
20 85
21 74
22 68
23 45
24 62
25 71
26 78
27 30
28 9
29 12
30 21
31 46
32 99
33 90
34 52
35 31
36 38
37 36
38 23
39 1
40 48
41 77
42 29
43 69
44 50
45 94
46 75
47 81
48 4
49 96
50 39
51 42
52 89
53 3
54 24
55 84
56 100
57 93
58 20
59 70
60 88
61 15
62 55
63 95
64 41
65 7
66 6
67 2
68 87
69 73
70 61
71 86
72 28
73 34
74 80
75 19
76 63
77 5
78 10
79 58
80 54
81 64
82 66
83 53
84 11
85 49
86 56
87 60
88 22
89 82
90 83
91 59
92 13
93 91
94 51
95 47
96 67
97 65
98 43
99 17
100 44
