1 1
2 2
3 3
4 4
5 5
6 6
7 7
8 8
9 9
10 69
11 93
12 65
13 31
14 54
15 22
16 84
17 56
18 64
19 28
20 74
21 34
22 27
23 94
24 48
25 79
26 51
27 47
28 88
29 30
30 39
31 53
32 49
33 92
34 33
35 46
36 32
37 24
38 11
39 41
40 19
41 60
42 52
43 80
44 86
45 73
46 68
47 17
48 75
49 20
50 100
51 15
52 29
53 61
54 21
55 45
56 36
57 25
58 63
59 37
60 85
61 71
62 89
63 38
64 35
65 96
66 97
67 18
68 76
69 87
70 59
71 26
72 55
73 77
74 82
75 12
76 70
77 50
78 43
79 98
80 67
81 13
82 78
83 44
84 99
85 10
86 23
87 57
88 91
89 83
90 58
91 42
92 90
93 62
94 14
95 40
96 16
97 72
98 81
99 66
100 95
