1 1
2 2
3 3
4 4
5 5
6 6
7 7
8 8
9 9
10 10
11 11
12 37
13 18
14 98
15 57
16 14
17 26
18 16
19 27
20 85
21 74
22 68
23 45
24 62
25 71
26 78
27 30
28 40
29 12
30 21
31 46
32 99
33 90
34 52
35 31
36 38
37 36
38 23
39 79
40 48
41 77
42 29
43 69
44 50
45 94
46 75
47 81
48 92
49 96
50 39
51 42
52 89
53 35
54 24
55 84
56 100
57 93
58 20
59 70
60 88
61 15
62 55
63 95
64 41
65 97
66 32
67 25
68 87
69 73
70 61
71 86
72 28
73 34
74 80
75 19
76 63
77 72
78 33
79 58
80 54
81 64
82 66
83 53
84 76
85 49
86 56
87 60
88 22
89 82
90 83
91 59
92 13
93 91
94 51
95 47
96 67
97 65
98 43
99 17
100 44
