1 1
2 2
3 3
4 4
5 5
6 6
7 7
8 8
9 9
10 10
11 11
12 12
13 13
14 14
15 15
16 16
17 17
18 18
19 19
20 20
21 21
22 22
23 23
24 24
25 25
26 26
27 27
28 28
29 29
30 30
31 31
32 32
33 33
34 52
35 46
36 38
37 36
38 45
39 79
40 48
41 77
42 37
43 69
44 50
45 94
46 75
47 81
48 92
49 96
50 39
51 42
52 89
53 35
54 62
55 84
56 100
57 93
58 85
59 70
60 88
61 57
62 55
63 95
64 41
65 97
66 99
67 71
68 87
69 73
70 61
71 86
72 40
73 34
74 80
75 74
76 63
77 72
78 90
79 58
80 54
81 64
82 66
83 53
84 76
85 49
86 56
87 60
88 68
89 82
90 83
91 59
92 98
93 91
94 51
95 47
96 67
97 65
98 43
99 78
100 44
