1 1
2 2
3 3
4 4
5 5
6 6
7 7
8 8
9 9
10 10
11 11
12 12
13 13
14 14
15 15
16 16
17 17
18 18
19 19
20 20
21 21
22 22
23 23
24 24
25 25
26 26
27 27
28 28
29 29
30 30
31 31
32 32
33 33
34 34
35 35
36 36
37 37
38 93
39 41
40 88
41 60
42 52
43 80
44 86
45 73
46 68
47 56
48 75
49 74
50 100
51 47
52 39
53 61
54 92
55 45
56 49
57 79
58 63
59 48
60 85
61 71
62 89
63 38
64 46
65 96
66 97
67 64
68 76
69 87
70 59
71 51
72 55
73 77
74 82
75 65
76 70
77 50
78 43
79 98
80 67
81 53
82 78
83 44
84 99
85 69
86 94
87 57
88 91
89 83
90 58
91 42
92 90
93 62
94 54
95 40
96 84
97 72
98 81
99 66
100 95
