1 1
2 2
3 3
4 4
5 5
6 6
7 7
8 8
9 9
10 10
11 11
12 12
13 13
14 14
15 15
16 16
17 17
18 18
19 19
20 20
21 21
22 22
23 23
24 24
25 25
26 26
27 27
28 28
29 29
30 30
31 31
32 32
33 33
34 34
35 35
36 36
37 37
38 38
39 39
40 40
41 41
42 42
43 43
44 44
45 45
46 46
47 47
48 48
49 49
50 50
51 51
52 52
53 53
54 54
55 55
56 56
57 93
58 85
59 70
60 88
61 57
62 84
63 95
64 77
65 97
66 99
67 71
68 87
69 73
70 61
71 86
72 92
73 89
74 80
75 74
76 63
77 72
78 90
79 58
80 62
81 64
82 66
83 75
84 76
85 96
86 100
87 60
88 68
89 82
90 83
91 59
92 98
93 91
94 94
95 81
96 67
97 65
98 69
99 78
100 79
