1 1
2 2
3 3
4 4
5 5
6 6
7 7
8 8
9 9
10 10
11 11
12 12
13 13
14 14
15 15
16 16
17 17
18 18
19 19
20 20
21 21
22 22
23 23
24 24
25 25
26 26
27 27
28 28
29 29
30 30
31 31
32 32
33 33
34 34
35 35
36 36
37 37
38 38
39 39
40 40
41 41
42 42
43 43
44 44
45 45
46 46
47 47
48 48
49 49
50 50
51 51
52 52
53 53
54 54
55 55
56 56
57 57
58 58
59 59
60 60
61 61
62 62
63 63
64 64
65 65
66 66
67 67
68 87
69 73
70 93
71 86
72 92
73 89
74 80
75 74
76 95
77 72
78 90
79 85
80 84
81 77
82 99
83 75
84 76
85 96
86 100
87 88
88 68
89 82
90 83
91 70
92 98
93 91
94 94
95 81
96 71
97 97
98 69
99 78
100 79
